-0.913952 -0.913952
-0.913952 -0.913952
-0.913952 -0.913952
-0.913952 -0.913952
-0.913952 -0.913952
-0.913952 -0.913952
-0.913952 -0.913952
-0.913952 -0.913952
-0.913952 -0.913952
-0.913952 -0.913952
-0.913952 -0.913952
-0.913952 -0.913952
-0.913952 -0.913952
-0.913952 -0.913952
-0.913952 -0.913952
-0.913952 -0.913952
-0.913952 -0.913952
-0.913952 -0.913952
-0.913952 -0.913952
-0.913952 -0.913952
-0.913952 -0.913952
-0.913952 -0.913952
-0.913952 -0.913952
-0.913952 -0.913952
-0.913952 -0.913952
-0.662020 -0.662020
-0.662020 -0.662020
-0.662020 -0.662020
-0.662020 -0.662020
-0.662020 -0.662020
-0.662020 -0.662020
-0.662020 -0.662020
-0.662020 -0.662020
-0.662020 -0.662020
-0.662020 -0.662020
-0.662020 -0.662020
-0.662020 -0.662020
-0.662020 -0.662020
-0.662020 -0.662020
-0.662020 -0.662020
-0.662020 -0.662020
-0.662020 -0.662020
-0.662020 -0.662020
-0.662020 -0.662020
-0.662020 -0.662020
-0.662020 -0.662020
-0.662020 -0.662020
-0.662020 -0.662020
-0.662020 -0.662020
-0.662020 -0.662020
0.298231 0.298231
0.298231 0.298231
0.298231 0.298231
0.298231 0.298231
0.298231 0.298231
0.298231 0.298231
0.298231 0.298231
0.298231 0.298231
0.298231 0.298231
0.298231 0.298231
0.298231 0.298231
0.298231 0.298231
0.298231 0.298231
0.298231 0.298231
0.298231 0.298231
0.298231 0.298231
0.298231 0.298231
0.298231 0.298231
0.298231 0.298231
0.298231 0.298231
0.298231 0.298231
0.298231 0.298231
0.298231 0.298231
0.298231 0.298231
0.298231 0.298231
0.463445 0.463445
0.463445 0.463445
0.463445 0.463445
0.463445 0.463445
0.463445 0.463445
0.463445 0.463445
0.463445 0.463445
0.463445 0.463445
0.463445 0.463445
0.463445 0.463445
0.463445 0.463445
0.463445 0.463445
0.463445 0.463445
0.463445 0.463445
0.463445 0.463445
0.463445 0.463445
0.463445 0.463445
0.463445 0.463445
0.463445 0.463445
0.463445 0.463445
0.463445 0.463445
0.463445 0.463445
0.463445 0.463445
0.463445 0.463445
0.463445 0.463445
0.295492 0.295492
0.295492 0.295492
0.295492 0.295492
0.295492 0.295492
0.295492 0.295492
0.295492 0.295492
0.295492 0.295492
0.295492 0.295492
0.295492 0.295492
0.295492 0.295492
0.295492 0.295492
0.295492 0.295492
0.295492 0.295492
0.295492 0.295492
0.295492 0.295492
0.295492 0.295492
0.295492 0.295492
0.295492 0.295492
0.295492 0.295492
0.295492 0.295492
0.295492 0.295492
0.295492 0.295492
0.295492 0.295492
0.295492 0.295492
0.295492 0.295492
-0.098153 -0.098153
-0.098153 -0.098153
-0.098153 -0.098153
-0.098153 -0.098153
-0.098153 -0.098153
-0.098153 -0.098153
-0.098153 -0.098153
-0.098153 -0.098153
-0.098153 -0.098153
-0.098153 -0.098153
-0.098153 -0.098153
-0.098153 -0.098153
-0.098153 -0.098153
-0.098153 -0.098153
-0.098153 -0.098153
-0.098153 -0.098153
-0.098153 -0.098153
-0.098153 -0.098153
-0.098153 -0.098153
-0.098153 -0.098153
-0.098153 -0.098153
-0.098153 -0.098153
-0.098153 -0.098153
-0.098153 -0.098153
-0.098153 -0.098153
0.094018 0.094018
0.094018 0.094018
0.094018 0.094018
0.094018 0.094018
0.094018 0.094018
0.094018 0.094018
0.094018 0.094018
0.094018 0.094018
0.094018 0.094018
0.094018 0.094018
0.094018 0.094018
0.094018 0.094018
0.094018 0.094018
0.094018 0.094018
0.094018 0.094018
0.094018 0.094018
0.094018 0.094018
0.094018 0.094018
0.094018 0.094018
0.094018 0.094018
0.094018 0.094018
0.094018 0.094018
0.094018 0.094018
0.094018 0.094018
0.094018 0.094018
-0.407358 -0.407358
-0.407358 -0.407358
-0.407358 -0.407358
-0.407358 -0.407358
-0.407358 -0.407358
-0.407358 -0.407358
-0.407358 -0.407358
-0.407358 -0.407358
-0.407358 -0.407358
-0.407358 -0.407358
-0.407358 -0.407358
-0.407358 -0.407358
-0.407358 -0.407358
-0.407358 -0.407358
-0.407358 -0.407358
-0.407358 -0.407358
-0.407358 -0.407358
-0.407358 -0.407358
-0.407358 -0.407358
-0.407358 -0.407358
-0.407358 -0.407358
-0.407358 -0.407358
-0.407358 -0.407358
-0.407358 -0.407358
-0.407358 -0.407358
0.489386 0.489386
0.489386 0.489386
0.489386 0.489386
0.489386 0.489386
0.489386 0.489386
0.489386 0.489386
0.489386 0.489386
0.489386 0.489386
0.489386 0.489386
0.489386 0.489386
0.489386 0.489386
0.489386 0.489386
0.489386 0.489386
0.489386 0.489386
0.489386 0.489386
0.489386 0.489386
0.489386 0.489386
0.489386 0.489386
0.489386 0.489386
0.489386 0.489386
0.489386 0.489386
0.489386 0.489386
0.489386 0.489386
0.489386 0.489386
0.489386 0.489386
-0.622090 -0.622090
-0.622090 -0.622090
-0.622090 -0.622090
-0.622090 -0.622090
-0.622090 -0.622090
-0.622090 -0.622090
-0.622090 -0.622090
-0.622090 -0.622090
-0.622090 -0.622090
-0.622090 -0.622090
-0.622090 -0.622090
-0.622090 -0.622090
-0.622090 -0.622090
-0.622090 -0.622090
-0.622090 -0.622090
-0.622090 -0.622090
-0.622090 -0.622090
-0.622090 -0.622090
-0.622090 -0.622090
-0.622090 -0.622090
-0.622090 -0.622090
-0.622090 -0.622090
-0.622090 -0.622090
-0.622090 -0.622090
-0.622090 -0.622090
0.373551 0.373551
0.373551 0.373551
0.373551 0.373551
0.373551 0.373551
0.373551 0.373551
0.373551 0.373551
0.373551 0.373551
0.373551 0.373551
0.373551 0.373551
0.373551 0.373551
0.373551 0.373551
0.373551 0.373551
0.373551 0.373551
0.373551 0.373551
0.373551 0.373551
0.373551 0.373551
0.373551 0.373551
0.373551 0.373551
0.373551 0.373551
0.373551 0.373551
0.373551 0.373551
0.373551 0.373551
0.373551 0.373551
0.373551 0.373551
0.373551 0.373551
-0.632978 -0.632978
-0.632978 -0.632978
-0.632978 -0.632978
-0.632978 -0.632978
-0.632978 -0.632978
-0.632978 -0.632978
-0.632978 -0.632978
-0.632978 -0.632978
-0.632978 -0.632978
-0.632978 -0.632978
-0.632978 -0.632978
-0.632978 -0.632978
-0.632978 -0.632978
-0.632978 -0.632978
-0.632978 -0.632978
-0.632978 -0.632978
-0.632978 -0.632978
-0.632978 -0.632978
-0.632978 -0.632978
-0.632978 -0.632978
-0.632978 -0.632978
-0.632978 -0.632978
-0.632978 -0.632978
-0.632978 -0.632978
-0.632978 -0.632978
-0.263031 -0.263031
-0.263031 -0.263031
-0.263031 -0.263031
-0.263031 -0.263031
-0.263031 -0.263031
-0.263031 -0.263031
-0.263031 -0.263031
-0.263031 -0.263031
-0.263031 -0.263031
-0.263031 -0.263031
-0.263031 -0.263031
-0.263031 -0.263031
-0.263031 -0.263031
-0.263031 -0.263031
-0.263031 -0.263031
-0.263031 -0.263031
-0.263031 -0.263031
-0.263031 -0.263031
-0.263031 -0.263031
-0.263031 -0.263031
-0.263031 -0.263031
-0.263031 -0.263031
-0.263031 -0.263031
-0.263031 -0.263031
-0.263031 -0.263031
0.251237 0.251237
0.251237 0.251237
0.251237 0.251237
0.251237 0.251237
0.251237 0.251237
0.251237 0.251237
0.251237 0.251237
0.251237 0.251237
0.251237 0.251237
0.251237 0.251237
0.251237 0.251237
0.251237 0.251237
0.251237 0.251237
0.251237 0.251237
0.251237 0.251237
0.251237 0.251237
0.251237 0.251237
0.251237 0.251237
0.251237 0.251237
0.251237 0.251237
0.251237 0.251237
0.251237 0.251237
0.251237 0.251237
0.251237 0.251237
0.251237 0.251237
0.560455 0.560455
0.560455 0.560455
0.560455 0.560455
0.560455 0.560455
0.560455 0.560455
0.560455 0.560455
0.560455 0.560455
0.560455 0.560455
0.560455 0.560455
0.560455 0.560455
0.560455 0.560455
0.560455 0.560455
0.560455 0.560455
0.560455 0.560455
0.560455 0.560455
0.560455 0.560455
0.560455 0.560455
0.560455 0.560455
0.560455 0.560455
0.560455 0.560455
0.560455 0.560455
0.560455 0.560455
0.560455 0.560455
0.560455 0.560455
0.560455 0.560455
-0.837748 -0.837748
-0.837748 -0.837748
-0.837748 -0.837748
-0.837748 -0.837748
-0.837748 -0.837748
-0.837748 -0.837748
-0.837748 -0.837748
-0.837748 -0.837748
-0.837748 -0.837748
-0.837748 -0.837748
-0.837748 -0.837748
-0.837748 -0.837748
-0.837748 -0.837748
-0.837748 -0.837748
-0.837748 -0.837748
-0.837748 -0.837748
-0.837748 -0.837748
-0.837748 -0.837748
-0.837748 -0.837748
-0.837748 -0.837748
-0.837748 -0.837748
-0.837748 -0.837748
-0.837748 -0.837748
-0.837748 -0.837748
-0.837748 -0.837748
0.858772 0.858772
0.858772 0.858772
0.858772 0.858772
0.858772 0.858772
0.858772 0.858772
0.858772 0.858772
0.858772 0.858772
0.858772 0.858772
0.858772 0.858772
0.858772 0.858772
0.858772 0.858772
0.858772 0.858772
0.858772 0.858772
0.858772 0.858772
0.858772 0.858772
0.858772 0.858772
0.858772 0.858772
0.858772 0.858772
0.858772 0.858772
0.858772 0.858772
0.858772 0.858772
0.858772 0.858772
0.858772 0.858772
0.858772 0.858772
0.858772 0.858772
0.551425 0.551425
0.551425 0.551425
0.551425 0.551425
0.551425 0.551425
0.551425 0.551425
0.551425 0.551425
0.551425 0.551425
0.551425 0.551425
0.551425 0.551425
0.551425 0.551425
0.551425 0.551425
0.551425 0.551425
0.551425 0.551425
0.551425 0.551425
0.551425 0.551425
0.551425 0.551425
0.551425 0.551425
0.551425 0.551425
0.551425 0.551425
0.551425 0.551425
0.551425 0.551425
0.551425 0.551425
0.551425 0.551425
0.551425 0.551425
0.551425 0.551425
-0.026417 -0.026417
-0.026417 -0.026417
-0.026417 -0.026417
-0.026417 -0.026417
-0.026417 -0.026417
-0.026417 -0.026417
-0.026417 -0.026417
-0.026417 -0.026417
-0.026417 -0.026417
-0.026417 -0.026417
-0.026417 -0.026417
-0.026417 -0.026417
-0.026417 -0.026417
-0.026417 -0.026417
-0.026417 -0.026417
-0.026417 -0.026417
-0.026417 -0.026417
-0.026417 -0.026417
-0.026417 -0.026417
-0.026417 -0.026417
-0.026417 -0.026417
-0.026417 -0.026417
-0.026417 -0.026417
-0.026417 -0.026417
-0.026417 -0.026417
-0.128283 -0.128283
-0.128283 -0.128283
-0.128283 -0.128283
-0.128283 -0.128283
-0.128283 -0.128283
-0.128283 -0.128283
-0.128283 -0.128283
-0.128283 -0.128283
-0.128283 -0.128283
-0.128283 -0.128283
-0.128283 -0.128283
-0.128283 -0.128283
-0.128283 -0.128283
-0.128283 -0.128283
-0.128283 -0.128283
-0.128283 -0.128283
-0.128283 -0.128283
-0.128283 -0.128283
-0.128283 -0.128283
-0.128283 -0.128283
-0.128283 -0.128283
-0.128283 -0.128283
-0.128283 -0.128283
-0.128283 -0.128283
-0.128283 -0.128283
-0.106433 -0.106433
-0.106433 -0.106433
-0.106433 -0.106433
-0.106433 -0.106433
-0.106433 -0.106433
-0.106433 -0.106433
-0.106433 -0.106433
-0.106433 -0.106433
-0.106433 -0.106433
-0.106433 -0.106433
-0.106433 -0.106433
-0.106433 -0.106433
-0.106433 -0.106433
-0.106433 -0.106433
-0.106433 -0.106433
-0.106433 -0.106433
-0.106433 -0.106433
-0.106433 -0.106433
-0.106433 -0.106433
-0.106433 -0.106433
-0.106433 -0.106433
-0.106433 -0.106433
-0.106433 -0.106433
-0.106433 -0.106433
-0.106433 -0.106433
-0.387301 -0.387301
-0.387301 -0.387301
-0.387301 -0.387301
-0.387301 -0.387301
-0.387301 -0.387301
-0.387301 -0.387301
-0.387301 -0.387301
-0.387301 -0.387301
-0.387301 -0.387301
-0.387301 -0.387301
-0.387301 -0.387301
-0.387301 -0.387301
-0.387301 -0.387301
-0.387301 -0.387301
-0.387301 -0.387301
-0.387301 -0.387301
-0.387301 -0.387301
-0.387301 -0.387301
-0.387301 -0.387301
-0.387301 -0.387301
-0.387301 -0.387301
-0.387301 -0.387301
-0.387301 -0.387301
-0.387301 -0.387301
-0.387301 -0.387301
0.017017 0.017017
0.017017 0.017017
0.017017 0.017017
0.017017 0.017017
0.017017 0.017017
0.017017 0.017017
0.017017 0.017017
0.017017 0.017017
0.017017 0.017017
0.017017 0.017017
0.017017 0.017017
0.017017 0.017017
0.017017 0.017017
0.017017 0.017017
0.017017 0.017017
0.017017 0.017017
0.017017 0.017017
0.017017 0.017017
0.017017 0.017017
0.017017 0.017017
0.017017 0.017017
0.017017 0.017017
0.017017 0.017017
0.017017 0.017017
0.017017 0.017017
0.021543 0.021543
0.021543 0.021543
0.021543 0.021543
0.021543 0.021543
0.021543 0.021543
0.021543 0.021543
0.021543 0.021543
0.021543 0.021543
0.021543 0.021543
0.021543 0.021543
0.021543 0.021543
0.021543 0.021543
0.021543 0.021543
0.021543 0.021543
0.021543 0.021543
0.021543 0.021543
0.021543 0.021543
0.021543 0.021543
0.021543 0.021543
0.021543 0.021543
0.021543 0.021543
0.021543 0.021543
0.021543 0.021543
0.021543 0.021543
0.021543 0.021543
0.635255 0.635255
0.635255 0.635255
0.635255 0.635255
0.635255 0.635255
0.635255 0.635255
0.635255 0.635255
0.635255 0.635255
0.635255 0.635255
0.635255 0.635255
0.635255 0.635255
0.635255 0.635255
0.635255 0.635255
0.635255 0.635255
0.635255 0.635255
0.635255 0.635255
0.635255 0.635255
0.635255 0.635255
0.635255 0.635255
0.635255 0.635255
0.635255 0.635255
0.635255 0.635255
0.635255 0.635255
0.635255 0.635255
0.635255 0.635255
0.635255 0.635255
0.589663 0.589663
0.589663 0.589663
0.589663 0.589663
0.589663 0.589663
0.589663 0.589663
0.589663 0.589663
0.589663 0.589663
0.589663 0.589663
0.589663 0.589663
0.589663 0.589663
0.589663 0.589663
0.589663 0.589663
0.589663 0.589663
0.589663 0.589663
0.589663 0.589663
0.589663 0.589663
0.589663 0.589663
0.589663 0.589663
0.589663 0.589663
0.589663 0.589663
0.589663 0.589663
0.589663 0.589663
0.589663 0.589663
0.589663 0.589663
0.589663 0.589663
0.288636 0.288636
0.288636 0.288636
0.288636 0.288636
0.288636 0.288636
0.288636 0.288636
0.288636 0.288636
0.288636 0.288636
0.288636 0.288636
0.288636 0.288636
0.288636 0.288636
0.288636 0.288636
0.288636 0.288636
0.288636 0.288636
0.288636 0.288636
0.288636 0.288636
0.288636 0.288636
0.288636 0.288636
0.288636 0.288636
0.288636 0.288636
0.288636 0.288636
0.288636 0.288636
0.288636 0.288636
0.288636 0.288636
0.288636 0.288636
0.288636 0.288636
-0.242781 -0.242781
-0.242781 -0.242781
-0.242781 -0.242781
-0.242781 -0.242781
-0.242781 -0.242781
-0.242781 -0.242781
-0.242781 -0.242781
-0.242781 -0.242781
-0.242781 -0.242781
-0.242781 -0.242781
-0.242781 -0.242781
-0.242781 -0.242781
-0.242781 -0.242781
-0.242781 -0.242781
-0.242781 -0.242781
-0.242781 -0.242781
-0.242781 -0.242781
-0.242781 -0.242781
-0.242781 -0.242781
-0.242781 -0.242781
-0.242781 -0.242781
-0.242781 -0.242781
-0.242781 -0.242781
-0.242781 -0.242781
-0.242781 -0.242781
0.623161 0.623161
0.623161 0.623161
0.623161 0.623161
0.623161 0.623161
0.623161 0.623161
0.623161 0.623161
0.623161 0.623161
0.623161 0.623161
0.623161 0.623161
0.623161 0.623161
0.623161 0.623161
0.623161 0.623161
0.623161 0.623161
0.623161 0.623161
0.623161 0.623161
0.623161 0.623161
0.623161 0.623161
0.623161 0.623161
0.623161 0.623161
0.623161 0.623161
0.623161 0.623161
0.623161 0.623161
0.623161 0.623161
0.623161 0.623161
0.623161 0.623161
0.065651 0.065651
0.065651 0.065651
0.065651 0.065651
0.065651 0.065651
0.065651 0.065651
0.065651 0.065651
0.065651 0.065651
0.065651 0.065651
0.065651 0.065651
0.065651 0.065651
0.065651 0.065651
0.065651 0.065651
0.065651 0.065651
0.065651 0.065651
0.065651 0.065651
0.065651 0.065651
0.065651 0.065651
0.065651 0.065651
0.065651 0.065651
0.065651 0.065651
0.065651 0.065651
0.065651 0.065651
0.065651 0.065651
0.065651 0.065651
0.065651 0.065651
-0.298546 -0.298546
-0.298546 -0.298546
-0.298546 -0.298546
-0.298546 -0.298546
-0.298546 -0.298546
-0.298546 -0.298546
-0.298546 -0.298546
-0.298546 -0.298546
-0.298546 -0.298546
-0.298546 -0.298546
-0.298546 -0.298546
-0.298546 -0.298546
-0.298546 -0.298546
-0.298546 -0.298546
-0.298546 -0.298546
-0.298546 -0.298546
-0.298546 -0.298546
-0.298546 -0.298546
-0.298546 -0.298546
-0.298546 -0.298546
-0.298546 -0.298546
-0.298546 -0.298546
-0.298546 -0.298546
-0.298546 -0.298546
-0.298546 -0.298546
0.878003 0.878003
0.878003 0.878003
0.878003 0.878003
0.878003 0.878003
0.878003 0.878003
0.878003 0.878003
0.878003 0.878003
0.878003 0.878003
0.878003 0.878003
0.878003 0.878003
0.878003 0.878003
0.878003 0.878003
0.878003 0.878003
0.878003 0.878003
0.878003 0.878003
0.878003 0.878003
0.878003 0.878003
0.878003 0.878003
0.878003 0.878003
0.878003 0.878003
0.878003 0.878003
0.878003 0.878003
0.878003 0.878003
0.878003 0.878003
0.878003 0.878003
0.751886 0.751886
0.751886 0.751886
0.751886 0.751886
0.751886 0.751886
0.751886 0.751886
0.751886 0.751886
0.751886 0.751886
0.751886 0.751886
0.751886 0.751886
0.751886 0.751886
0.751886 0.751886
0.751886 0.751886
0.751886 0.751886
0.751886 0.751886
0.751886 0.751886
0.751886 0.751886
0.751886 0.751886
0.751886 0.751886
0.751886 0.751886
0.751886 0.751886
0.751886 0.751886
0.751886 0.751886
0.751886 0.751886
0.751886 0.751886
0.751886 0.751886
0.100313 0.100313
0.100313 0.100313
0.100313 0.100313
0.100313 0.100313
0.100313 0.100313
0.100313 0.100313
0.100313 0.100313
0.100313 0.100313
0.100313 0.100313
0.100313 0.100313
0.100313 0.100313
0.100313 0.100313
0.100313 0.100313
0.100313 0.100313
0.100313 0.100313
0.100313 0.100313
0.100313 0.100313
0.100313 0.100313
0.100313 0.100313
0.100313 0.100313
0.100313 0.100313
0.100313 0.100313
0.100313 0.100313
0.100313 0.100313
0.100313 0.100313
0.244950 0.244950
0.244950 0.244950
0.244950 0.244950
0.244950 0.244950
0.244950 0.244950
0.244950 0.244950
0.244950 0.244950
0.244950 0.244950
0.244950 0.244950
0.244950 0.244950
0.244950 0.244950
0.244950 0.244950
0.244950 0.244950
0.244950 0.244950
0.244950 0.244950
0.244950 0.244950
0.244950 0.244950
0.244950 0.244950
0.244950 0.244950
0.244950 0.244950
0.244950 0.244950
0.244950 0.244950
0.244950 0.244950
0.244950 0.244950
0.244950 0.244950
0.174089 0.174089
0.174089 0.174089
0.174089 0.174089
0.174089 0.174089
0.174089 0.174089
0.174089 0.174089
0.174089 0.174089
0.174089 0.174089
0.174089 0.174089
0.174089 0.174089
0.174089 0.174089
0.174089 0.174089
0.174089 0.174089
0.174089 0.174089
0.174089 0.174089
0.174089 0.174089
0.174089 0.174089
0.174089 0.174089
0.174089 0.174089
0.174089 0.174089
0.174089 0.174089
0.174089 0.174089
0.174089 0.174089
0.174089 0.174089
0.174089 0.174089
-0.584515 -0.584515
-0.584515 -0.584515
-0.584515 -0.584515
-0.584515 -0.584515
-0.584515 -0.584515
-0.584515 -0.584515
-0.584515 -0.584515
-0.584515 -0.584515
-0.584515 -0.584515
-0.584515 -0.584515
-0.584515 -0.584515
-0.584515 -0.584515
-0.584515 -0.584515
-0.584515 -0.584515
-0.584515 -0.584515
-0.584515 -0.584515
-0.584515 -0.584515
-0.584515 -0.584515
-0.584515 -0.584515
-0.584515 -0.584515
-0.584515 -0.584515
-0.584515 -0.584515
-0.584515 -0.584515
-0.584515 -0.584515
-0.584515 -0.584515
-0.397507 -0.397507
-0.397507 -0.397507
-0.397507 -0.397507
-0.397507 -0.397507
-0.397507 -0.397507
-0.397507 -0.397507
-0.397507 -0.397507
-0.397507 -0.397507
-0.397507 -0.397507
-0.397507 -0.397507
-0.397507 -0.397507
-0.397507 -0.397507
-0.397507 -0.397507
-0.397507 -0.397507
-0.397507 -0.397507
-0.397507 -0.397507
-0.397507 -0.397507
-0.397507 -0.397507
-0.397507 -0.397507
-0.397507 -0.397507
-0.397507 -0.397507
-0.397507 -0.397507
-0.397507 -0.397507
-0.397507 -0.397507
-0.397507 -0.397507
-0.058153 -0.058153
-0.058153 -0.058153
-0.058153 -0.058153
-0.058153 -0.058153
-0.058153 -0.058153
-0.058153 -0.058153
-0.058153 -0.058153
-0.058153 -0.058153
-0.058153 -0.058153
-0.058153 -0.058153
-0.058153 -0.058153
-0.058153 -0.058153
-0.058153 -0.058153
-0.058153 -0.058153
-0.058153 -0.058153
-0.058153 -0.058153
-0.058153 -0.058153
-0.058153 -0.058153
-0.058153 -0.058153
-0.058153 -0.058153
-0.058153 -0.058153
-0.058153 -0.058153
-0.058153 -0.058153
-0.058153 -0.058153
-0.058153 -0.058153
-0.539024 -0.539024
-0.539024 -0.539024
-0.539024 -0.539024
-0.539024 -0.539024
-0.539024 -0.539024
-0.539024 -0.539024
-0.539024 -0.539024
-0.539024 -0.539024
-0.539024 -0.539024
-0.539024 -0.539024
-0.539024 -0.539024
-0.539024 -0.539024
-0.539024 -0.539024
-0.539024 -0.539024
-0.539024 -0.539024
-0.539024 -0.539024
-0.539024 -0.539024
-0.539024 -0.539024
-0.539024 -0.539024
-0.539024 -0.539024
-0.539024 -0.539024
-0.539024 -0.539024
-0.539024 -0.539024
-0.539024 -0.539024
-0.539024 -0.539024
0.000000 0.000000
0.000000 -0.025926
-0.085318 -0.161815
-0.246835 -0.335470
-0.424775 -0.512920
-0.598747 -0.681519
-0.760765 -0.836199
-0.907662 -0.975087
-1.038475 -1.097881
-1.153397 -1.205148
-1.253278 -1.297948
-1.339328 -1.377596
-1.412931 -1.445512
-1.475514 -1.503111
-1.528467 -1.551743
-1.573090 -1.592654
-1.610569 -1.626964
-1.641959 -1.655666
-1.668189 -1.679627
-1.690067 -1.699595
-1.708287 -1.716213
-1.723439 -1.730026
-1.736028 -1.741496
-1.746477 -1.751013
-1.755144 -1.758905
-1.762328 -1.765445
-1.768281 -1.767248
-1.761658 -1.754204
-1.746227 -1.738370
-1.730927 -1.724014
-1.717661 -1.711855
-1.706565 -1.701753
-1.697380 -1.693407
-1.689799 -1.686522
-1.683546 -1.680843
-1.678387 -1.676157
-1.674131 -1.672290
-1.670617 -1.669097
-1.667717 -1.666462
-1.665321 -1.664285
-1.663343 -1.662487
-1.661709 -1.661002
-1.660359 -1.659775
-1.659244 -1.658762
-1.658323 -1.657924
-1.657561 -1.657232
-1.656932 -1.656660
-1.656412 -1.656187
-1.655983 -1.655796
-1.655627 -1.655474
-1.655334 -1.655207
-1.655091 -1.548795
-1.329926 -1.090040
-0.867359 -0.673601
-0.509418 -0.371592
-0.256028 -0.158861
-0.076786 -0.007092
0.052413 0.103485
0.147541 0.185720
0.218948 0.247982
0.273441 0.295839
0.315603 0.333090
0.348600 0.362388
0.374670 0.385631
0.395429 0.404202
0.412067 0.419128
0.425473 0.431182
0.436323 0.440957
0.445137 0.448909
0.452317 0.455397
0.458183 0.460702
0.462983 0.465048
0.466919 0.468614
0.470150 0.471543
0.472807 0.473953
0.474992 0.475936
0.476792 0.480131
0.486413 0.493709
0.501086 0.508122
0.514646 0.520611
0.526026 0.530923
0.535346 0.539339
0.542942 0.546195
0.549134 0.551790
0.554191 0.556363
0.558329 0.560108
0.561720 0.563180
0.564503 0.565703
0.566791 0.567777
0.568672 0.569485
0.570222 0.570890
0.571498 0.572049
0.572550 0.573004
0.573417 0.573793
0.574133 0.574443
0.574724 0.574980
0.575212 0.575423
0.575614 0.575789
0.575947 0.576091
0.576222 0.576341
0.576449 0.576547
0.576636 0.574586
0.569937 0.564219
0.558201 0.552266
0.546596 0.541273
0.536325 0.531751
0.527539 0.523669
0.520119 0.516866
0.513889 0.511166
0.508676 0.506402
0.504325 0.502429
0.500699 0.499121
0.497682 0.496370
0.495174 0.494085
0.493092 0.492188
0.491365 0.490615
0.489932 0.489311
0.488745 0.488230
0.487762 0.487336
0.486948 0.486595
0.486274 0.485982
0.485716 0.485475
0.485255 0.485055
0.484873 0.484708
0.484557 0.484421
0.484296 0.484183
0.484080 0.472136
0.445021 0.410365
0.372154 0.332631
0.293106 0.254365
0.216884 0.180949
0.146730 0.114315
0.083743 0.055015
0.028107 0.002974
-0.020443 -0.042211
-0.062404 -0.081104
-0.098390 -0.114345
-0.129053 -0.142592
-0.155043 -0.166480
-0.176977 -0.186602
-0.195421 -0.203496
-0.210884 -0.217641
-0.223817 -0.229459
-0.234610 -0.239313
-0.243604 -0.247518
-0.251087 -0.254341
-0.257307 -0.260009
-0.262471 -0.264713
-0.266755 -0.268615
-0.270308 -0.271849
-0.273251 -0.274528
-0.275690 -0.261117
-0.228344 -0.189548
-0.150513 -0.113740
-0.080136 -0.049870
-0.022792 0.001368
0.022913 0.042135
0.059301 0.074651
0.088393 0.100712
0.111769 0.121704
0.130640 0.138686
0.145937 0.152475
0.158377 0.163706
0.168523 0.172877
0.176816 0.180382
0.183609 0.186533
0.189182 0.191583
0.193759 0.195733
0.197523 0.199147
0.200621 0.201959
0.203173 0.204275
0.205276 0.206184
0.207010 0.207759
0.208440 0.209059
0.209621 0.210131
0.210595 0.211016
0.211399 0.190877
0.143370 0.082016
0.013708 -0.057609
-0.129555 -0.200646
-0.269939 -0.336826
-0.400917 -0.461970
-0.519849 -0.574491
-0.625891 -0.674086
-0.719147 -0.761169
-0.800266 -0.836564
-0.870201 -0.901316
-0.930054 -0.956558
-0.980971 -1.003430
-1.024069 -1.043018
-1.060400 -1.076331
-1.090922 -1.104276
-1.116492 -1.127659
-1.137862 -1.147182
-1.155690 -1.163454
-1.170537 -1.176997
-1.182887 -1.188256
-1.193148 -1.197605
-1.201666 -1.205364
-1.208731 -1.211797
-1.214589 -1.217129
-1.219442 -1.130027
-0.943518 -0.739045
-0.549560 -0.385061
-0.246005 -0.129547
-0.032116 0.049636
0.118558 0.176983
0.226786 0.269471
0.306242 0.338070
0.365740 0.389894
0.411055 0.429656
0.446058 0.460559
0.473414 0.484835
0.495004 0.504074
0.512179 0.519433
0.525934 0.531768
0.537010 0.541725
0.545969 0.549795
0.553244 0.556357
0.559169 0.561710
0.564007 0.566085
0.567966 0.569669
0.571211 0.572608
0.573875 0.575023
0.576064 0.577009
0.577865 0.578643
0.579348 0.560275
0.514287 0.451922
0.378686 0.298047
0.212455 0.123765
0.033447 -0.057310
-0.147525 -0.236390
-0.323241 -0.407540
-0.488863 -0.566885
-0.641370 -0.712163
-0.779173 -0.842371
-0.901775 -0.957443
-1.009468 -1.057966
-1.103073 -1.144940
-1.183727 -1.219599
-1.252723 -1.283267
-1.311396 -1.337270
-1.361045 -1.382870
-1.402887 -1.421232
-1.438032 -1.453407
-1.467470 -1.480324
-1.492070 -1.502796
-1.512588 -1.521524
-1.529676 -1.537110
-1.543888 -1.550066
-1.555695 -1.560824
-1.565496 -1.461496
-1.242619 -1.002675
-0.780640 -0.588239
-0.425909 -0.290213
-0.176887 -0.081953
-0.002038 0.065612
0.123207 0.172513
0.214944 0.251636
0.283509 0.311308
0.335645 0.357025
0.375865 0.392514
0.407266 0.420366
0.432024 0.442420
0.451706 0.460015
0.467459 0.474138
0.480138 0.485533
0.490389 0.494765
0.498710 0.502270
0.505485 0.508390
0.511016 0.513391
0.515541 0.517487
0.519250 0.520846
0.522293 0.523605
0.524795 0.525874
0.526853 0.527741
0.528547 0.508521
0.460367 0.395479
0.319832 0.237149
0.150005 0.060304
-0.030489 -0.121212
-0.210933 -0.298899
-0.384506 -0.467276
-0.546843 -0.622936
-0.695369 -0.764028
-0.828863 -0.889875
-0.947110 -1.000649
-1.050601 -1.097098
-1.140284 -1.180319
-1.217367 -1.251596
-1.283173 -1.312266
-1.339038 -1.363647
-1.386244 -1.406977
-1.425982 -1.443391
-1.459328 -1.473906
-1.487235 -1.499416
-1.510542 -1.520700
-1.529971 -1.538430
-1.546145 -1.553179
-1.559591 -1.565434
-1.570759 -1.575609
-1.580027 -1.561043
-1.514736 -1.458761
-1.401641 -1.347197
-1.296928 -1.251235
-1.210015 -1.172959
-1.139690 -1.109825
-1.083004 -1.058900
-1.037221 -1.017704
-1.000121 -0.984267
-0.969962 -0.957046
-0.945376 -0.934827
-0.925285 -0.916652
-0.908836 -0.901758
-0.895345 -0.889534
-0.884266 -0.879490
-0.875158 -0.871228
-0.867662 -0.864426
-0.861489 -0.858823
-0.856402 -0.854204
-0.852208 -0.850395
-0.848748 -0.847252
-0.845893 -0.844658
-0.843537 -0.842517
-0.841591 -0.840750
-0.839985 -0.839290
-0.838658 -0.784439
-0.671456 -0.544372
-0.422840 -0.313860
-0.218801 -0.136811
-0.066318 -0.005669
0.046647 0.091932
0.131275 0.165584
0.195609 0.221973
0.245194 0.265704
0.283868 0.299993
0.314337 0.327123
0.338540 0.348753
0.357900 0.366105
0.373474 0.380099
0.386061 0.391432
0.396274 0.400643
0.404588 0.408151
0.411373 0.414286
0.416923 0.419309
0.421471 0.423429
0.425203 0.426811
0.428270 0.429593
0.430793 0.431881
0.432869 0.433766
0.434580 0.435319
0.435990 0.441421
0.452414 0.465273
0.478227 0.490496
0.501785 0.512023
0.521246 0.529529
0.536960 0.543626
0.549610 0.554985
0.559818 0.564167
0.568084 0.571615
0.574801 0.577676
0.580273 0.582621
0.584744 0.586665
0.588403 0.589977
0.591403 0.592696
0.593867 0.594929
0.595892 0.596765
0.597558 0.598277
0.598930 0.599522
0.600060 0.600549
0.600993 0.601395
0.601761 0.602094
0.602396 0.602670
0.602919 0.603146
0.603351 0.603538
0.603708 0.603863
0.604003 0.584461
0.537843 0.474326
0.399213 0.315881
0.226776 0.133802
0.038506 -0.057825
-0.154105 -0.249417
-0.342993 -0.434195
-0.522508 -0.607527
-0.688946 -0.766547
-0.840191 -0.909808
-0.975384 -1.036956
-1.094599 -1.148420
-1.198552 -1.245144
-1.288360 -1.328371
-1.365355 -1.399488
-1.430948 -1.459909
-1.486537 -1.510997
-1.533444 -1.554025
-1.572882 -1.590147
-1.605944 -1.620389
-1.633592 -1.645653
-1.656667 -1.666720
-1.675892 -1.684259
-1.691888 -1.698843
-1.705182 -1.710958
-1.716220 -1.586294
-1.316788 -1.026916
-0.764260 -0.541402
-0.357128 -0.205964
-0.081897 0.020390
0.105251 0.176139
0.235766 0.286253
0.329267 0.366128
0.397883 0.425371
0.449273 0.470141
0.488425 0.504501
0.518678 0.531214
0.542328 0.552204
0.560997 0.568842
0.575852 0.582127
0.587750 0.592798
0.597333 0.601412
0.605085 0.608395
0.611380 0.614074
0.616508 0.618707
0.620695 0.622493
0.624121 0.625595
0.626930 0.628139
0.629236 0.630229
0.631131 0.631948
0.632690 0.632476
0.631135 0.629318
0.627354 0.625400
0.623534 0.621787
0.620171 0.618683
0.617321 0.616075
0.614936 0.613898
0.612951 0.612088
0.611302 0.610585
0.609933 0.609339
0.608797 0.608305
0.607857 0.607449
0.607077 0.606739
0.606432 0.606152
0.605897 0.605666
0.605455 0.605264
0.605089 0.604931
0.604787 0.604656
0.604536 0.604428
0.604329 0.604240
0.604158 0.604084
0.604017 0.603955
0.603900 0.603849
0.603803 0.603761
0.603723 0.603688
0.603657 0.593701
0.570964 0.541747
0.509352 0.475658
0.441785 0.408421
0.375996 0.344780
0.314940 0.286578
0.259744 0.234457
0.210709 0.188476
0.167717 0.148382
0.130413 0.113747
0.098318 0.084058
0.070897 0.058768
0.047603 0.037337
0.027908 0.019256
0.011323 0.004054
-0.002600 -0.008689
-0.014256 -0.019345
-0.023993 -0.028238
-0.032112 -0.035647
-0.038871 -0.041811
-0.044491 -0.046934
-0.049160 -0.051187
-0.053034 -0.054716
-0.056248 -0.057642
-0.058911 -0.060067
-0.061118 -0.068874
-0.084865 -0.104267
-0.124644 -0.144770
-0.164046 -0.182199
-0.199130 -0.214827
-0.229325 -0.242681
-0.254963 -0.266242
-0.276588 -0.286068
-0.294750 -0.302694
-0.309960 -0.316600
-0.322667 -0.328206
-0.333263 -0.337877
-0.342086 -0.345924
-0.349422 -0.352611
-0.355517 -0.358164
-0.360575 -0.362771
-0.364771 -0.366591
-0.368248 -0.369757
-0.371129 -0.372378
-0.373515 -0.374550
-0.375491 -0.376347
-0.377125 -0.377834
-0.378478 -0.379064
-0.379597 -0.380082
-0.380523 -0.380924
-0.381289 -0.379810
-0.376139 -0.371618
-0.366912 -0.362336
-0.358029 -0.354043
-0.350388 -0.347052
-0.344015 -0.341254
-0.338747 -0.336469
-0.334401 -0.332524
-0.330819 -0.329270
-0.327864 -0.326587
-0.325427 -0.324373
-0.323416 -0.322546
-0.321756 -0.321038
-0.320385 -0.319792
-0.319253 -0.318764
-0.318318 -0.317914
-0.317546 -0.317212
-0.316908 -0.316632
-0.316381 -0.316153
-0.315946 -0.315757
-0.315586 -0.315430
-0.315289 -0.315160
-0.315043 -0.314936
-0.314840 -0.314752
-0.314672 -0.314599
-0.314533 -0.331342
-0.369138 -0.416339
-0.467007 -0.518018
-0.567723 -0.615271
-0.660251 -0.702493
-0.741969 -0.778724
-0.812852 -0.844467
-0.873698 -0.900682
-0.925554 -0.948451
-0.969504 -0.988843
-1.006590 -1.022862
-1.037771 -1.051420
-1.063909 -1.075330
-1.085768 -1.095303
-1.104010 -1.111957
-1.119209 -1.125823
-1.131855 -1.137353
-1.142364 -1.146930
-1.151090 -1.154879
-1.158329 -1.161471
-1.164332 -1.166936
-1.169306 -1.171463
-1.173426 -1.175212
-1.176837 -1.178315
-1.179661 -1.180884
-1.181997 -1.138381
-1.044299 -0.935706
-0.829105 -0.731040
-0.643410 -0.566107
-0.498255 -0.438761
-0.386547 -0.340633
-0.300167 -0.264416
-0.232756 -0.204654
-0.179659 -0.157384
-0.137496 -0.119712
-0.103784 -0.089500
-0.076674 -0.065144
-0.054769 -0.045423
-0.036999 -0.029399
-0.022538 -0.016339
-0.010737 -0.005670
-0.001085 0.003065
0.006823 0.010227
0.013312 0.016109
0.018644 0.020944
0.023029 0.024922
0.026639 0.028198
0.029613 0.030898
0.032065 0.033124
0.034086 0.034960
0.035754 0.036759
0.038038 0.039387
0.040708 0.041957
0.043116 0.044182
0.045156 0.046045
0.046854 0.047589
0.048258 0.048866
0.049418 0.049920
0.050377 0.050791
0.051168 0.051510
0.051822 0.052104
0.052362 0.052595
0.052808 0.053001
0.053176 0.053336
0.053481 0.053613
0.053732 0.053841
0.053940 0.054030
0.054112 0.054187
0.054254 0.054316
0.054372 0.054422
0.054469 0.054511
0.054549 0.054584
0.054615 0.054644
0.054670 0.054694
0.054715 0.054735
0.054753 0.075920
0.120791 0.172188
0.222310 0.268137
0.308856 0.344588
0.375803 0.403054
0.426876 0.447749
0.466084 0.482235
0.496499 0.509129
0.520337 0.530306
0.539189 0.547120
0.554212 0.560563
0.566259 0.571373
0.575970 0.580107
0.583833 0.587192
0.590222 0.592958
0.595429 0.597663
0.599683 0.601511
0.603165 0.604663
0.606021 0.607250
0.608365 0.609376
0.610293 0.611125
0.611879 0.612564
0.613185 0.613749
0.614261 0.614727
0.615149 0.615532
0.615881 0.616002
0.615859 0.615600
0.615298 0.614988
0.614689 0.614408
0.614148 0.613908
0.613690 0.613490
0.613308 0.613142
0.612991 0.612854
0.612729 0.612616
0.612512 0.612419
0.612333 0.612255
0.612185 0.612121
0.612062 0.612009
0.611961 0.611917
0.611877 0.611841
0.611808 0.611778
0.611751 0.611726
0.611703 0.611683
0.611664 0.611647
0.611632 0.611618
0.611605 0.611593
0.611583 0.611573
0.611565 0.611557
0.611550 0.611543
0.611537 0.611532
0.611527 0.608644
0.602237 0.594342
0.585992 0.577707
0.569747 0.562231
0.555207 0.548682
0.542646 0.537078
0.531950 0.527237
0.522908 0.518938
0.515300 0.511968
0.508918 0.506129
0.503580 0.501250
0.499123 0.497181
0.495410 0.493793
0.492319 0.490975
0.489750 0.488634
0.487617 0.486691
0.485847 0.485079
0.484380 0.483743
0.483164 0.482636
0.482156 0.481719
0.481322 0.480960
0.480632 0.480332
0.480060 0.479812
0.479587 0.479382
0.479196 0.479027
0.478873 0.462691
0.425524 0.377132
0.322664 0.265145
0.206470 0.147882
0.090219 0.034060
-0.020193 -0.072262
-0.121960 -0.169169
-0.213827 -0.255915
-0.295450 -0.332475
-0.367055 -0.399273
-0.429223 -0.457009
-0.482739 -0.506525
-0.528483 -0.548723
-0.567357 -0.584492
-0.600234 -0.614681
-0.627929 -0.640068
-0.651183 -0.661353
-0.670654 -0.679155
-0.686922 -0.694014
-0.700488 -0.706395
-0.711783 -0.716697
-0.721176 -0.725259
-0.728979 -0.732368
-0.735455 -0.738267
-0.740827 -0.743157
-0.745279 -0.681936
-0.548420 -0.400500
-0.261879 -0.140194
-0.036236 0.051692
0.125926 0.188736
0.242095 0.287640
0.326711 0.360390
0.389556 0.414921
0.437068 0.456477
0.473541 0.488590
0.501899 0.513698
0.524182 0.533518
0.541847 0.549289
0.555951 0.561922
0.567281 0.572097
0.576428 0.580328
0.583842 0.587012
0.589872 0.592456
0.594791 0.596902
0.598812 0.600540
0.602105 0.603522
0.604807 0.605971
0.607026 0.607983
0.608851 0.609639
0.610353 0.611002
0.611590 0.604423
0.587464 0.565800
0.542068 0.517715
0.493561 0.470074
0.447521 0.426047
0.405727 0.386591
0.368639 0.351852
0.336197 0.321633
0.308113 0.295587
0.284001 0.273303
0.263438 0.254352
0.245995 0.238316
0.231266 0.224800
0.218874 0.213448
0.208481 0.203939
0.199786 0.195992
0.192527 0.189364
0.186477 0.183844
0.181443 0.179253
0.177258 0.175439
0.173782 0.172273
0.170898 0.169647
0.168507 0.167470
0.166525 0.165666
0.164884 0.164172
0.163525 0.145349
0.104800 0.053325
-0.003103 -0.061162
-0.118941 -0.175321
-0.229644 -0.281532
-0.330776 -0.377279
-0.421014 -0.462007
-0.500314 -0.536019
-0.569221 -0.600032
-0.628569 -0.654956
-0.679317 -0.701776
-0.722456 -0.741475
-0.758949 -0.774987
-0.789696 -0.803174
-0.815515 -0.826809
-0.837138 -0.846579
-0.855205 -0.863082
-0.870273 -0.876834
-0.882820 -0.888278
-0.893254 -0.897790
-0.901922 -0.905688
-0.909117 -0.912241
-0.915085 -0.917674
-0.920032 -0.922177
-0.924130 -0.925907
-0.927525 -0.849597
-0.687496 -0.509876
-0.345311 -0.202461
-0.081714 0.019406
0.104002 0.174984
0.234825 0.285551
0.328791 0.365850
0.397775 0.425408
0.449431 0.470401
0.488772 0.504922
0.519161 0.531751
0.542911 0.552826
0.561654 0.569528
0.576565 0.582862
0.588506 0.593571
0.598122 0.602215
0.605900 0.609220
0.612215 0.614918
0.617359 0.619565
0.621559 0.623363
0.624996 0.626474
0.627813 0.629026
0.630125 0.631122
0.632026 0.632846
0.633590 0.634265
0.634877 0.635233
0.635297 0.635223
0.635088 0.634929
0.634767 0.634611
0.634464 0.634327
0.634202 0.634088
0.633983 0.633888
0.633802 0.633723
0.633651 0.633586
0.633527 0.633473
0.633424 0.633379
0.633338 0.633302
0.633268 0.633238
0.633210 0.633185
0.633162 0.633141
0.633122 0.633105
0.633089 0.633075
0.633062 0.633050
0.633040 0.633030
0.633021 0.633013
0.633006 0.632999
0.632993 0.632987
0.632982 0.632978
0.632974 0.632970
0.632967 0.632964
0.632961 0.626096
0.610552 0.590873
0.569418 0.547477
0.525773 0.504717
0.484538 0.465360
0.447241 0.430202
0.414238 0.399327
0.385436 0.372526
0.360552 0.349467
0.339222 0.329767
0.321054 0.313034
0.305660 0.298888
0.292673 0.286975
0.281755 0.276976
0.272603 0.268605
0.264951 0.261613
0.258565 0.255783
0.253245 0.250930
0.248819 0.246894
0.245140 0.243542
0.242086 0.240760
0.239552 0.238452
0.237451 0.236540
0.235711 0.234956
0.234269 0.233644
0.233075 0.238553
0.251112 0.266172
0.281518 0.296155
0.309690 0.322013
0.333149 0.343178
0.352196 0.360303
0.367594 0.374155
0.380063 0.385386
0.390187 0.394520
0.398432 0.401967
0.405163 0.408054
0.410670 0.413039
0.415184 0.417127
0.418888 0.420485
0.421932 0.423245
0.424437 0.425518
0.426498 0.427389
0.428197 0.428931
0.429597 0.430202
0.430752 0.431251
0.431705 0.432117
0.432491 0.432831
0.433140 0.433421
0.433676 0.433908
0.434119 0.434310
0.434485 0.432628
0.428319 0.423016
0.417447 0.411973
0.406763 0.401888
0.397371 0.393208
0.389384 0.385881
0.382674 0.379742
0.377064 0.374618
0.372386 0.370350
0.368493 0.366800
0.365256 0.363850
0.362569 0.361401
0.360338 0.359370
0.358489 0.357687
0.356956 0.356292
0.355687 0.355136
0.354635 0.354180
0.353765 0.353388
0.353045 0.352733
0.352449 0.352191
0.351956 0.351742
0.351548 0.351372
0.351211 0.351065
0.350932 0.350811
0.350701 0.350602
0.350511 0.327849
0.275323 0.206260
0.127701 0.043866
-0.042512 -0.129573
-0.216000 -0.300841
-0.383395 -0.463148
-0.539726 -0.612867
-0.682399 -0.748227
-0.810314 -0.868677
-0.923371 -0.974486
-1.022136 -1.066455
-1.107590 -1.145700
-1.180944 -1.213490
-1.243500 -1.271137
-1.296559 -1.319919
-1.341362 -1.361030
-1.379054 -1.395560
-1.410666 -1.424483
-1.437113 -1.448653
-1.459192 -1.468813
-1.477593 -1.485602
-1.492906 -1.499566
-1.505635 -1.511166
-1.516206 -1.520796
-1.524977 -1.528783
-1.532249 -1.526216
-1.508969 -1.487405
-1.464916 -1.443099
-1.422643 -1.403792
-1.386576 -1.370927
-1.356735 -1.343879
-1.332238 -1.321697
-1.312152 -1.303506
-1.295673 -1.288573
-1.282138 -1.276302
-1.271010 -1.266209
-1.261853 -1.257900
-1.254312 -1.251055
-1.248098 -1.245413
-1.242974 -1.240759
-1.238748 -1.236921
-1.235261 -1.233753
-1.232382 -1.231137
-1.230006 -1.228978
-1.228044 -1.227195
-1.226423 -1.225722
-1.225084 -1.224505
-1.223978 -1.223500
-1.223065 -1.222669
-1.222310 -1.221983
-1.221686 -1.186024
-1.109945 -1.021468
-0.933668 -0.851959
-0.778113 -0.712268
-0.653895 -0.602242
-0.556527 -0.516020
-0.480069 -0.448105
-0.419634 -0.394230
-0.371527 -0.351205
-0.332991 -0.316644
-0.301956 -0.288744
-0.276849 -0.266129
-0.256462 -0.247736
-0.239856 -0.232735
-0.226297 -0.220472
-0.215201 -0.210428
-0.206105 -0.202188
-0.198638 -0.195420
-0.192501 -0.189854
-0.187453 -0.185273
-0.183295 -0.181500
-0.179870 -0.178390
-0.177047 -0.175826
-0.174718 -0.173711
-0.172796 -0.171965
-0.171210 -0.193040
-0.243417 -0.307451
-0.377417 -0.449081
-0.520060 -0.588995
-0.655122 -0.718025
-0.777496 -0.833461
-0.885930 -0.934964
-0.980667 -1.023162
-1.062593 -1.099110
-1.132872 -1.164039
-1.192770 -1.219222
-1.243548 -1.265896
-1.286407 -1.305215
-1.322450 -1.338230
-1.352670 -1.365876
-1.377946 -1.388973
-1.399043 -1.408235
-1.416623 -1.424274
-1.431251 -1.437611
-1.443408 -1.448691
-1.453503 -1.457887
-1.461879 -1.465514
-1.468824 -1.471837
-1.474579 -1.477075
