2.952353e-01 0
2.952353e-01 0
2.952353e-01 0
2.952353e-01 1.627637e-02
2.952353e-01 5.113779e-02
2.952353e-01 9.168152e-02
2.952353e-01 1.318927e-01
2.952353e-01 1.692866e-01
2.952353e-01 2.030565e-01
2.952353e-01 2.331449e-01
2.952353e-01 2.597999e-01
2.952353e-01 2.833713e-01
2.952353e-01 3.042204e-01
2.952353e-01 3.226843e-01
2.952353e-01 3.390630e-01
2.952353e-01 3.536188e-01
2.952353e-01 3.665785e-01
2.952353e-01 3.781375e-01
2.952353e-01 3.884645e-01
2.952353e-01 3.977050e-01
2.952353e-01 4.059852e-01
2.952353e-01 4.134145e-01
2.952353e-01 4.200883e-01
2.952353e-01 4.260900e-01
2.952353e-01 4.314925e-01
2.952353e-01 4.363602e-01
2.952353e-01 4.407495e-01
2.952353e-01 4.447104e-01
2.952353e-01 4.482871e-01
2.952353e-01 4.515189e-01
2.952353e-01 4.544407e-01
2.952353e-01 4.570836e-01
2.952353e-01 4.594753e-01
2.952353e-01 4.616406e-01
2.952353e-01 4.636016e-01
2.952353e-01 4.653783e-01
2.952353e-01 4.669885e-01
2.952353e-01 4.684482e-01
2.952353e-01 4.697719e-01
2.952353e-01 4.709724e-01
2.952353e-01 4.720615e-01
2.952353e-01 4.730498e-01
2.952353e-01 4.739466e-01
2.952353e-01 4.747607e-01
2.952353e-01 4.754997e-01
2.952353e-01 4.761707e-01
2.952353e-01 4.767800e-01
2.952353e-01 4.773333e-01
2.952353e-01 4.778358e-01
2.952353e-01 4.782923e-01
3.580335e-01 4.787070e-01
3.580335e-01 4.790837e-01
3.580335e-01 4.794260e-01
3.580335e-01 4.809035e-01
3.580335e-01 4.837399e-01
3.580335e-01 4.870681e-01
3.580335e-01 4.904643e-01
3.580335e-01 4.937309e-01
3.580335e-01 4.967837e-01
3.580335e-01 4.995950e-01
3.580335e-01 5.021636e-01
3.580335e-01 5.045009e-01
3.580335e-01 5.066233e-01
3.580335e-01 5.085485e-01
3.580335e-01 5.102941e-01
3.580335e-01 5.118767e-01
3.580335e-01 5.133115e-01
3.580335e-01 5.146126e-01
3.580335e-01 5.157926e-01
3.580335e-01 5.168630e-01
3.580335e-01 5.178341e-01
3.580335e-01 5.187154e-01
3.580335e-01 5.195151e-01
3.580335e-01 5.202411e-01
3.580335e-01 5.209002e-01
3.580335e-01 5.214986e-01
3.580335e-01 5.220420e-01
3.580335e-01 5.225356e-01
3.580335e-01 5.229838e-01
3.580335e-01 5.233910e-01
3.580335e-01 5.237608e-01
3.580335e-01 5.240969e-01
3.580335e-01 5.244022e-01
3.580335e-01 5.246795e-01
3.580335e-01 5.249316e-01
3.580335e-01 5.251606e-01
3.580335e-01 5.253688e-01
3.580335e-01 5.255579e-01
3.580335e-01 5.257298e-01
3.580335e-01 5.258860e-01
3.580335e-01 5.260280e-01
3.580335e-01 5.261571e-01
3.580335e-01 5.262744e-01
3.580335e-01 5.263810e-01
3.580335e-01 5.264779e-01
3.580335e-01 5.265660e-01
3.580335e-01 5.266461e-01
3.580335e-01 5.267189e-01
3.580335e-01 5.267851e-01
3.580335e-01 5.268452e-01
2.715734e-01 5.268999e-01
2.715734e-01 5.269496e-01
2.715734e-01 5.269948e-01
2.715734e-01 5.255124e-01
2.715734e-01 5.221831e-01
2.715734e-01 5.181110e-01
2.715734e-01 5.138476e-01
2.715734e-01 5.096636e-01
2.715734e-01 5.056860e-01
2.715734e-01 5.019681e-01
2.715734e-01 4.985256e-01
2.715734e-01 4.953554e-01
2.715734e-01 4.924457e-01
2.715734e-01 4.897805e-01
2.715734e-01 4.873426e-01
2.715734e-01 4.851146e-01
2.715734e-01 4.830799e-01
2.715734e-01 4.812227e-01
2.715734e-01 4.795283e-01
2.715734e-01 4.779828e-01
2.715734e-01 4.765737e-01
2.715734e-01 4.752893e-01
2.715734e-01 4.741188e-01
2.715734e-01 4.730524e-01
2.715734e-01 4.720809e-01
2.715734e-01 4.711962e-01
2.715734e-01 4.703905e-01
2.715734e-01 4.696570e-01
2.715734e-01 4.689892e-01
2.715734e-01 4.683814e-01
2.715734e-01 4.678281e-01
2.715734e-01 4.673246e-01
2.715734e-01 4.668665e-01
2.715734e-01 4.664496e-01
2.715734e-01 4.660703e-01
2.715734e-01 4.657252e-01
2.715734e-01 4.654113e-01
2.715734e-01 4.651258e-01
2.715734e-01 4.648660e-01
2.715734e-01 4.646297e-01
2.715734e-01 4.644148e-01
2.715734e-01 4.642194e-01
2.715734e-01 4.640416e-01
2.715734e-01 4.638800e-01
2.715734e-01 4.637330e-01
2.715734e-01 4.635993e-01
2.715734e-01 4.634777e-01
2.715734e-01 4.633671e-01
2.715734e-01 4.632666e-01
2.715734e-01 4.631752e-01
8.903482e-01 4.630921e-01
8.903482e-01 4.630165e-01
8.903482e-01 4.629477e-01
8.903482e-01 4.682775e-01
8.903482e-01 4.798889e-01
8.903482e-01 4.936195e-01
8.903482e-01 5.074800e-01
8.903482e-01 5.205968e-01
8.903482e-01 5.326414e-01
8.903482e-01 5.435410e-01
8.903482e-01 5.533361e-01
8.903482e-01 5.621124e-01
8.903482e-01 5.699688e-01
8.903482e-01 5.770027e-01
8.903482e-01 5.833047e-01
8.903482e-01 5.889561e-01
8.903482e-01 5.940294e-01
8.903482e-01 5.985884e-01
8.903482e-01 6.026892e-01
8.903482e-01 6.063814e-01
8.903482e-01 6.097085e-01
8.903482e-01 6.127090e-01
8.903482e-01 6.154169e-01
8.903482e-01 6.178625e-01
8.903482e-01 6.200723e-01
8.903482e-01 6.220704e-01
8.903482e-01 6.238778e-01
8.903482e-01 6.255135e-01
8.903482e-01 6.269945e-01
8.903482e-01 6.283359e-01
8.903482e-01 6.295512e-01
8.903482e-01 6.306526e-01
8.903482e-01 6.316512e-01
8.903482e-01 6.325567e-01
8.903482e-01 6.333780e-01
8.903482e-01 6.341232e-01
8.903482e-01 6.347993e-01
8.903482e-01 6.354129e-01
8.903482e-01 6.359699e-01
8.903482e-01 6.364755e-01
8.903482e-01 6.369346e-01
8.903482e-01 6.373515e-01
8.903482e-01 6.377301e-01
8.903482e-01 6.380740e-01
8.903482e-01 6.383863e-01
8.903482e-01 6.386700e-01
8.903482e-01 6.389278e-01
8.903482e-01 6.391620e-01
8.903482e-01 6.393748e-01
8.903482e-01 6.395681e-01
-5.821302e-01 6.397438e-01
-5.821302e-01 6.399035e-01
-5.821302e-01 6.400486e-01
-5.821302e-01 6.221244e-01
-5.821302e-01 5.793143e-01
-5.821302e-01 5.209168e-01
-5.821302e-01 4.517685e-01
-5.821302e-01 3.749584e-01
-5.821302e-01 2.927284e-01
-5.821302e-01 2.068312e-01
-5.821302e-01 1.186970e-01
-5.821302e-01 2.952174e-02
-5.821302e-01 -5.968333e-02
-5.821302e-01 -1.480614e-01
-5.821302e-01 -2.348913e-01
-5.821302e-01 -3.195744e-01
-5.821302e-01 -4.016241e-01
-5.821302e-01 -4.806558e-01
-5.821302e-01 -5.563778e-01
-5.821302e-01 -6.285814e-01
-5.821302e-01 -6.971315e-01
-5.821302e-01 -7.619567e-01
-5.821302e-01 -8.230403e-01
-5.821302e-01 -8.804113e-01
-5.821302e-01 -9.341362e-01
-5.821302e-01 -9.843118e-01
-5.821302e-01 -1.031058e+00
-5.821302e-01 -1.074513e+00
-5.821302e-01 -1.114827e+00
-5.821302e-01 -1.152158e+00
-5.821302e-01 -1.186670e+00
-5.821302e-01 -1.218526e+00
-5.821302e-01 -1.247892e+00
-5.821302e-01 -1.274927e+00
-5.821302e-01 -1.299788e+00
-5.821302e-01 -1.322626e+00
-5.821302e-01 -1.343587e+00
-5.821302e-01 -1.362807e+00
-5.821302e-01 -1.380418e+00
-5.821302e-01 -1.396544e+00
-5.821302e-01 -1.411299e+00
-5.821302e-01 -1.424793e+00
-5.821302e-01 -1.437126e+00
-5.821302e-01 -1.448394e+00
-5.821302e-01 -1.458683e+00
-5.821302e-01 -1.468075e+00
-5.821302e-01 -1.476645e+00
-5.821302e-01 -1.484462e+00
-5.821302e-01 -1.491591e+00
-5.821302e-01 -1.498089e+00
4.185634e-01 -1.504012e+00
4.185634e-01 -1.509410e+00
4.185634e-01 -1.514327e+00
4.185634e-01 -1.410799e+00
4.185634e-01 -1.192878e+00
4.185634e-01 -9.543586e-01
4.185634e-01 -7.340719e-01
4.185634e-01 -5.435698e-01
4.185634e-01 -3.831561e-01
4.185634e-01 -2.493082e-01
4.185634e-01 -1.377158e-01
4.185634e-01 -4.438009e-02
4.185634e-01 3.407829e-02
4.185634e-01 1.004082e-01
4.185634e-01 1.568119e-01
4.185634e-01 2.050461e-01
4.185634e-01 2.465141e-01
4.185634e-01 2.823417e-01
4.185634e-01 3.134375e-01
4.185634e-01 3.405393e-01
4.185634e-01 3.642504e-01
4.185634e-01 3.850673e-01
4.185634e-01 4.034012e-01
4.185634e-01 4.195949e-01
4.185634e-01 4.339358e-01
4.185634e-01 4.466662e-01
4.185634e-01 4.579916e-01
4.185634e-01 4.680868e-01
4.185634e-01 4.771018e-01
4.185634e-01 4.851651e-01
4.185634e-01 4.923880e-01
4.185634e-01 4.988667e-01
4.185634e-01 5.046852e-01
4.185634e-01 5.099164e-01
4.185634e-01 5.146245e-01
4.185634e-01 5.188656e-01
4.185634e-01 5.226892e-01
4.185634e-01 5.261392e-01
4.185634e-01 5.292541e-01
4.185634e-01 5.320682e-01
4.185634e-01 5.346121e-01
4.185634e-01 5.369130e-01
4.185634e-01 5.389949e-01
4.185634e-01 5.408796e-01
4.185634e-01 5.425864e-01
4.185634e-01 5.441326e-01
4.185634e-01 5.455339e-01
4.185634e-01 5.468041e-01
4.185634e-01 5.479558e-01
4.185634e-01 5.490004e-01
-5.275388e-01 5.499480e-01
-5.275388e-01 5.508078e-01
-5.275388e-01 5.515880e-01
-5.275388e-01 5.326082e-01
-5.275388e-01 4.869596e-01
-5.275388e-01 4.254604e-01
-5.275388e-01 3.537880e-01
-5.275388e-01 2.754740e-01
-5.275388e-01 1.929606e-01
-5.275388e-01 1.080506e-01
-5.275388e-01 2.213141e-02
-5.275388e-01 -6.370004e-02
-5.275388e-01 -1.485635e-01
-5.275388e-01 -2.317492e-01
-5.275388e-01 -3.126884e-01
-5.275388e-01 -3.909322e-01
-5.275388e-01 -4.661358e-01
-5.275388e-01 -5.380456e-01
-5.275388e-01 -6.064874e-01
-5.275388e-01 -6.713557e-01
-5.275388e-01 -7.326039e-01
-5.275388e-01 -7.902353e-01
-5.275388e-01 -8.442940e-01
-5.275388e-01 -8.948577e-01
-5.275388e-01 -9.420303e-01
-5.275388e-01 -9.859363e-01
-5.275388e-01 -1.026715e+00
-5.275388e-01 -1.064515e+00
-5.275388e-01 -1.099493e+00
-5.275388e-01 -1.131808e+00
-5.275388e-01 -1.161618e+00
-5.275388e-01 -1.189082e+00
-5.275388e-01 -1.214354e+00
-5.275388e-01 -1.237584e+00
-5.275388e-01 -1.258914e+00
-5.275388e-01 -1.278484e+00
-5.275388e-01 -1.296422e+00
-5.275388e-01 -1.312854e+00
-5.275388e-01 -1.327895e+00
-5.275388e-01 -1.341655e+00
-5.275388e-01 -1.354235e+00
-5.275388e-01 -1.365731e+00
-5.275388e-01 -1.376231e+00
-5.275388e-01 -1.385818e+00
-5.275388e-01 -1.394568e+00
-5.275388e-01 -1.402551e+00
-5.275388e-01 -1.409831e+00
-5.275388e-01 -1.416470e+00
-5.275388e-01 -1.422521e+00
-5.275388e-01 -1.428036e+00
-7.612075e-01 -1.433060e+00
-7.612075e-01 -1.437637e+00
-7.612075e-01 -1.441806e+00
-7.612075e-01 -1.451361e+00
-7.612075e-01 -1.467552e+00
-7.612075e-01 -1.486233e+00
-7.612075e-01 -1.505343e+00
-7.612075e-01 -1.523879e+00
-7.612075e-01 -1.541386e+00
-7.612075e-01 -1.557684e+00
-7.612075e-01 -1.572736e+00
-7.612075e-01 -1.586571e+00
-7.612075e-01 -1.599252e+00
-7.612075e-01 -1.610854e+00
-7.612075e-01 -1.621458e+00
-7.612075e-01 -1.631140e+00
-7.612075e-01 -1.639977e+00
-7.612075e-01 -1.648039e+00
-7.612075e-01 -1.655390e+00
-7.612075e-01 -1.662091e+00
-7.612075e-01 -1.668199e+00
-7.612075e-01 -1.673764e+00
-7.612075e-01 -1.678833e+00
-7.612075e-01 -1.683450e+00
-7.612075e-01 -1.687655e+00
-7.612075e-01 -1.691484e+00
-7.612075e-01 -1.694969e+00
-7.612075e-01 -1.698142e+00
-7.612075e-01 -1.701030e+00
-7.612075e-01 -1.703658e+00
-7.612075e-01 -1.706050e+00
-7.612075e-01 -1.708226e+00
-7.612075e-01 -1.710206e+00
-7.612075e-01 -1.712008e+00
-7.612075e-01 -1.713647e+00
-7.612075e-01 -1.715137e+00
-7.612075e-01 -1.716494e+00
-7.612075e-01 -1.717727e+00
-7.612075e-01 -1.718849e+00
-7.612075e-01 -1.719869e+00
-7.612075e-01 -1.720797e+00
-7.612075e-01 -1.721641e+00
-7.612075e-01 -1.722409e+00
-7.612075e-01 -1.723107e+00
-7.612075e-01 -1.723742e+00
-7.612075e-01 -1.724319e+00
-7.612075e-01 -1.724844e+00
-7.612075e-01 -1.725321e+00
-7.612075e-01 -1.725755e+00
-7.612075e-01 -1.726150e+00
2.146079e-01 -1.726509e+00
2.146079e-01 -1.726835e+00
2.146079e-01 -1.727132e+00
2.146079e-01 -1.626209e+00
2.146079e-01 -1.416939e+00
2.146079e-01 -1.185784e+00
2.146079e-01 -9.693963e-01
2.146079e-01 -7.795339e-01
2.146079e-01 -6.173635e-01
2.146079e-01 -4.802103e-01
2.146079e-01 -3.644178e-01
2.146079e-01 -2.664435e-01
2.146079e-01 -1.832099e-01
2.146079e-01 -1.121600e-01
2.146079e-01 -5.120876e-02
2.146079e-01 1.333534e-03
2.146079e-01 4.683572e-02
2.146079e-01 8.641032e-02
2.146079e-01 1.209659e-01
2.146079e-01 1.512486e-01
2.146079e-01 1.778750e-01
2.146079e-01 2.013575e-01
2.146079e-01 2.221244e-01
2.146079e-01 2.405359e-01
2.146079e-01 2.568965e-01
2.146079e-01 2.714648e-01
2.146079e-01 2.844617e-01
2.146079e-01 2.960767e-01
2.146079e-01 3.064728e-01
2.146079e-01 3.157912e-01
2.146079e-01 3.241544e-01
2.146079e-01 3.316691e-01
2.146079e-01 3.384286e-01
2.146079e-01 3.445148e-01
2.146079e-01 3.499995e-01
2.146079e-01 3.549460e-01
2.146079e-01 3.594106e-01
2.146079e-01 3.634428e-01
2.146079e-01 3.670866e-01
2.146079e-01 3.703814e-01
2.146079e-01 3.733619e-01
2.146079e-01 3.760595e-01
2.146079e-01 3.785019e-01
2.146079e-01 3.807141e-01
2.146079e-01 3.827186e-01
2.146079e-01 3.845353e-01
2.146079e-01 3.861824e-01
2.146079e-01 3.876760e-01
2.146079e-01 3.890307e-01
2.146079e-01 3.902598e-01
-9.972461e-02 3.913751e-01
-9.972461e-02 3.923874e-01
-9.972461e-02 3.933062e-01
-9.972461e-02 3.823974e-01
-9.972461e-02 3.565770e-01
-9.972461e-02 3.236245e-01
-9.972461e-02 2.875692e-01
-9.972461e-02 2.506175e-01
-9.972461e-02 2.140110e-01
-9.972461e-02 1.784551e-01
-9.972461e-02 1.443472e-01
-9.972461e-02 1.119037e-01
-9.972461e-02 8.123111e-02
-9.972461e-02 5.236833e-02
-9.972461e-02 2.531062e-02
-9.972461e-02 2.477092e-05
-9.972461e-02 -2.354143e-02
-9.972461e-02 -4.545295e-02
-9.972461e-02 -6.578317e-02
-9.972461e-02 -8.461068e-02
-9.972461e-02 -1.020170e-01
-9.972461e-02 -1.180848e-01
-9.972461e-02 -1.328963e-01
-9.972461e-02 -1.465327e-01
-9.972461e-02 -1.590727e-01
-9.972461e-02 -1.705926e-01
-9.972461e-02 -1.811654e-01
-9.972461e-02 -1.908606e-01
-9.972461e-02 -1.997441e-01
-9.972461e-02 -2.078781e-01
-9.972461e-02 -2.153211e-01
-9.972461e-02 -2.221278e-01
-9.972461e-02 -2.283492e-01
-9.972461e-02 -2.340329e-01
-9.972461e-02 -2.392231e-01
-9.972461e-02 -2.439608e-01
-9.972461e-02 -2.482838e-01
-9.972461e-02 -2.522271e-01
-9.972461e-02 -2.558231e-01
-9.972461e-02 -2.591013e-01
-9.972461e-02 -2.620892e-01
-9.972461e-02 -2.648118e-01
-9.972461e-02 -2.672921e-01
-9.972461e-02 -2.695514e-01
-9.972461e-02 -2.716090e-01
-9.972461e-02 -2.734825e-01
-9.972461e-02 -2.751882e-01
-9.972461e-02 -2.767409e-01
-9.972461e-02 -2.781543e-01
-9.972461e-02 -2.794406e-01
-8.254901e-02 -2.806112e-01
-8.254901e-02 -2.816763e-01
-8.254901e-02 -2.826455e-01
-8.254901e-02 -2.821602e-01
-8.254901e-02 -2.799591e-01
-8.254901e-02 -2.770599e-01
-8.254901e-02 -2.739682e-01
-8.254901e-02 -2.709275e-01
-8.254901e-02 -2.680482e-01
-8.254901e-02 -2.653741e-01
-8.254901e-02 -2.629160e-01
-8.254901e-02 -2.606691e-01
-8.254901e-02 -2.586214e-01
-8.254901e-02 -2.567584e-01
-8.254901e-02 -2.550647e-01
-8.254901e-02 -2.535258e-01
-8.254901e-02 -2.521278e-01
-8.254901e-02 -2.508578e-01
-8.254901e-02 -2.497041e-01
-8.254901e-02 -2.486561e-01
-8.254901e-02 -2.477040e-01
-8.254901e-02 -2.468390e-01
-8.254901e-02 -2.460531e-01
-8.254901e-02 -2.453390e-01
-8.254901e-02 -2.446901e-01
-8.254901e-02 -2.441005e-01
-8.254901e-02 -2.435647e-01
-8.254901e-02 -2.430777e-01
-8.254901e-02 -2.426352e-01
-8.254901e-02 -2.422329e-01
-8.254901e-02 -2.418674e-01
-8.254901e-02 -2.415351e-01
-8.254901e-02 -2.412331e-01
-8.254901e-02 -2.409586e-01
-8.254901e-02 -2.407091e-01
-8.254901e-02 -2.404823e-01
-8.254901e-02 -2.402761e-01
-8.254901e-02 -2.400887e-01
-8.254901e-02 -2.399184e-01
-8.254901e-02 -2.397635e-01
-8.254901e-02 -2.396227e-01
-8.254901e-02 -2.394947e-01
-8.254901e-02 -2.393784e-01
-8.254901e-02 -2.392726e-01
-8.254901e-02 -2.391765e-01
-8.254901e-02 -2.390891e-01
-8.254901e-02 -2.390096e-01
-8.254901e-02 -2.389374e-01
-8.254901e-02 -2.388717e-01
-8.254901e-02 -2.388120e-01
3.238895e-01 -2.387577e-01
3.238895e-01 -2.387084e-01
3.238895e-01 -2.386635e-01
3.238895e-01 -2.106884e-01
3.238895e-01 -1.514299e-01
3.238895e-01 -8.358647e-02
3.238895e-01 -1.746156e-02
3.238895e-01 4.296537e-02
3.238895e-01 9.663107e-02
3.238895e-01 1.437046e-01
3.238895e-01 1.848089e-01
3.238895e-01 2.206800e-01
3.238895e-01 2.520270e-01
3.238895e-01 2.794833e-01
3.238895e-01 3.035958e-01
3.238895e-01 3.248299e-01
3.238895e-01 3.435791e-01
3.238895e-01 3.601761e-01
3.238895e-01 3.749026e-01
3.238895e-01 3.879977e-01
3.238895e-01 3.996654e-01
3.238895e-01 4.100803e-01
3.238895e-01 4.193923e-01
3.238895e-01 4.277308e-01
3.238895e-01 4.352078e-01
3.238895e-01 4.419209e-01
3.238895e-01 4.479548e-01
3.238895e-01 4.533840e-01
3.238895e-01 4.582736e-01
3.238895e-01 4.626811e-01
3.238895e-01 4.666571e-01
3.238895e-01 4.702463e-01
3.238895e-01 4.734886e-01
3.238895e-01 4.764191e-01
3.238895e-01 4.790692e-01
3.238895e-01 4.814669e-01
3.238895e-01 4.836372e-01
3.238895e-01 4.856025e-01
3.238895e-01 4.873828e-01
3.238895e-01 4.889960e-01
3.238895e-01 4.904583e-01
3.238895e-01 4.917841e-01
3.238895e-01 4.929864e-01
3.238895e-01 4.940771e-01
3.238895e-01 4.950666e-01
3.238895e-01 4.959646e-01
3.238895e-01 4.967796e-01
3.238895e-01 4.975195e-01
3.238895e-01 4.981912e-01
3.238895e-01 4.988011e-01
5.405710e-01 4.993549e-01
5.405710e-01 4.998579e-01
5.405710e-01 5.003148e-01
5.405710e-01 5.033966e-01
5.405710e-01 5.095807e-01
5.405710e-01 5.168524e-01
5.405710e-01 5.242368e-01
5.405710e-01 5.312907e-01
5.405710e-01 5.378349e-01
5.405710e-01 5.438177e-01
5.405710e-01 5.492467e-01
5.405710e-01 5.541555e-01
5.405710e-01 5.585866e-01
5.405710e-01 5.625844e-01
5.405710e-01 5.661915e-01
5.405710e-01 5.694470e-01
5.405710e-01 5.723866e-01
5.405710e-01 5.750422e-01
5.405710e-01 5.774425e-01
5.405710e-01 5.796131e-01
5.405710e-01 5.815770e-01
5.405710e-01 5.833545e-01
5.405710e-01 5.849640e-01
5.405710e-01 5.864219e-01
5.405710e-01 5.877429e-01
5.405710e-01 5.889403e-01
5.405710e-01 5.900259e-01
5.405710e-01 5.910103e-01
5.405710e-01 5.919033e-01
5.405710e-01 5.927135e-01
5.405710e-01 5.934487e-01
5.405710e-01 5.941159e-01
5.405710e-01 5.947216e-01
5.405710e-01 5.952715e-01
5.405710e-01 5.957708e-01
5.405710e-01 5.962242e-01
5.405710e-01 5.966359e-01
5.405710e-01 5.970099e-01
5.405710e-01 5.973497e-01
5.405710e-01 5.976583e-01
5.405710e-01 5.979386e-01
5.405710e-01 5.981934e-01
5.405710e-01 5.984248e-01
5.405710e-01 5.986351e-01
5.405710e-01 5.988262e-01
5.405710e-01 5.989999e-01
5.405710e-01 5.991577e-01
5.405710e-01 5.993012e-01
5.405710e-01 5.994315e-01
5.405710e-01 5.995500e-01
-2.995640e-01 5.996577e-01
-2.995640e-01 5.997556e-01
-2.995640e-01 5.998445e-01
-2.995640e-01 5.838355e-01
-2.995640e-01 5.462299e-01
-2.995640e-01 4.961154e-01
-2.995640e-01 4.382873e-01
-2.995640e-01 3.756908e-01
-2.995640e-01 3.103143e-01
-2.995640e-01 2.435827e-01
-2.995640e-01 1.765590e-01
-2.995640e-01 1.100580e-01
-2.995640e-01 4.471375e-02
-2.995640e-01 -1.897785e-02
-2.995640e-01 -8.063160e-02
-2.995640e-01 -1.399542e-01
-2.995640e-01 -1.967298e-01
-2.995640e-01 -2.508093e-01
-2.995640e-01 -3.021000e-01
-2.995640e-01 -3.505576e-01
-2.995640e-01 -3.961782e-01
-2.995640e-01 -4.389915e-01
-2.995640e-01 -4.790543e-01
-2.995640e-01 -5.164453e-01
-2.995640e-01 -5.512594e-01
-2.995640e-01 -5.836042e-01
-2.995640e-01 -6.135958e-01
-2.995640e-01 -6.413555e-01
-2.995640e-01 -6.670078e-01
-2.995640e-01 -6.906776e-01
-2.995640e-01 -7.124887e-01
-2.995640e-01 -7.325626e-01
-2.995640e-01 -7.510171e-01
-2.995640e-01 -7.679656e-01
-2.995640e-01 -7.835169e-01
-2.995640e-01 -7.977742e-01
-2.995640e-01 -8.108352e-01
-2.995640e-01 -8.227921e-01
-2.995640e-01 -8.337313e-01
-2.995640e-01 -8.437338e-01
-2.995640e-01 -8.528749e-01
-2.995640e-01 -8.612250e-01
-2.995640e-01 -8.688492e-01
-2.995640e-01 -8.758079e-01
-2.995640e-01 -8.821569e-01
-2.995640e-01 -8.879479e-01
-2.995640e-01 -8.932282e-01
-2.995640e-01 -8.980417e-01
-2.995640e-01 -9.024285e-01
-2.995640e-01 -9.064257e-01
3.240192e-01 -9.100670e-01
3.240192e-01 -9.133836e-01
3.240192e-01 -9.164039e-01
3.240192e-01 -8.548539e-01
3.240192e-01 -7.231967e-01
3.240192e-01 -5.756722e-01
3.240192e-01 -4.358100e-01
3.240192e-01 -3.116330e-01
3.240192e-01 -2.043987e-01
3.240192e-01 -1.127877e-01
3.240192e-01 -3.472732e-02
3.240192e-01 3.187952e-02
3.240192e-01 8.890061e-02
3.240192e-01 1.379158e-01
3.240192e-01 1.802319e-01
3.240192e-01 2.169211e-01
3.240192e-01 2.488614e-01
3.240192e-01 2.767737e-01
3.240192e-01 3.012519e-01
3.240192e-01 3.227880e-01
3.240192e-01 3.417919e-01
3.240192e-01 3.586065e-01
3.240192e-01 3.735208e-01
3.240192e-01 3.867791e-01
3.240192e-01 3.985894e-01
3.240192e-01 4.091294e-01
3.240192e-01 4.185515e-01
3.240192e-01 4.269872e-01
3.240192e-01 4.345504e-01
3.240192e-01 4.413398e-01
3.240192e-01 4.474417e-01
3.240192e-01 4.529314e-01
3.240192e-01 4.578751e-01
3.240192e-01 4.623310e-01
3.240192e-01 4.663502e-01
3.240192e-01 4.699783e-01
3.240192e-01 4.732553e-01
3.240192e-01 4.762171e-01
3.240192e-01 4.788954e-01
3.240192e-01 4.813185e-01
3.240192e-01 4.835117e-01
3.240192e-01 4.854976e-01
3.240192e-01 4.872965e-01
3.240192e-01 4.889265e-01
3.240192e-01 4.904040e-01
3.240192e-01 4.917435e-01
3.240192e-01 4.929583e-01
3.240192e-01 4.940602e-01
3.240192e-01 4.950599e-01
3.240192e-01 4.959671e-01
-1.676828e-01 4.967905e-01
-1.676828e-01 4.975379e-01
-1.676828e-01 4.982165e-01
-1.676828e-01 4.846773e-01
-1.676828e-01 4.527439e-01
-1.676828e-01 4.112395e-01
-1.676828e-01 3.647941e-01
-1.676828e-01 3.160792e-01
-1.676828e-01 2.667269e-01
-1.676828e-01 2.177720e-01
-1.676828e-01 1.698876e-01
-1.676828e-01 1.235178e-01
-1.676828e-01 7.895633e-02
-1.676828e-01 3.639391e-02
-1.676828e-01 -4.052572e-03
-1.676828e-01 -4.232083e-02
-1.676828e-01 -7.839012e-02
-1.676828e-01 -1.122718e-01
-1.676828e-01 -1.440023e-01
-1.676828e-01 -1.736371e-01
-1.676828e-01 -2.012466e-01
-1.676828e-01 -2.269119e-01
-1.676828e-01 -2.507215e-01
-1.676828e-01 -2.727692e-01
-1.676828e-01 -2.931512e-01
-1.676828e-01 -3.119648e-01
-1.676828e-01 -3.293069e-01
-1.676828e-01 -3.452724e-01
-1.676828e-01 -3.599540e-01
-1.676828e-01 -3.734409e-01
-1.676828e-01 -3.858187e-01
-1.676828e-01 -3.971688e-01
-1.676828e-01 -4.075686e-01
-1.676828e-01 -4.170907e-01
-1.676828e-01 -4.258038e-01
-1.676828e-01 -4.337719e-01
-1.676828e-01 -4.410547e-01
-1.676828e-01 -4.477081e-01
-1.676828e-01 -4.537837e-01
-1.676828e-01 -4.593296e-01
-1.676828e-01 -4.643900e-01
-1.676828e-01 -4.690059e-01
-1.676828e-01 -4.732151e-01
-1.676828e-01 -4.770525e-01
-1.676828e-01 -4.805499e-01
-1.676828e-01 -4.837368e-01
-1.676828e-01 -4.866401e-01
-1.676828e-01 -4.892847e-01
-1.676828e-01 -4.916931e-01
-1.676828e-01 -4.938861e-01
6.838583e-01 -4.958826e-01
6.838583e-01 -4.977001e-01
6.838583e-01 -4.993545e-01
6.838583e-01 -4.494853e-01
6.838583e-01 -3.438526e-01
6.838583e-01 -2.259137e-01
6.838583e-01 -1.144235e-01
6.838583e-01 -1.569304e-02
6.838583e-01 6.936551e-02
6.838583e-01 1.418753e-01
6.838583e-01 2.035387e-01
6.838583e-01 2.560608e-01
6.838583e-01 3.009513e-01
6.838583e-01 3.394823e-01
6.838583e-01 3.727025e-01
6.838583e-01 4.014704e-01
6.838583e-01 4.264870e-01
6.838583e-01 4.483267e-01
6.838583e-01 4.674619e-01
6.838583e-01 4.842833e-01
6.838583e-01 4.991156e-01
6.838583e-01 5.122302e-01
6.838583e-01 5.238553e-01
6.838583e-01 5.341839e-01
6.838583e-01 5.433796e-01
6.838583e-01 5.515824e-01
6.838583e-01 5.589120e-01
6.838583e-01 5.654718e-01
6.838583e-01 5.713511e-01
6.838583e-01 5.766271e-01
6.838583e-01 5.813675e-01
6.838583e-01 5.856312e-01
6.838583e-01 5.894699e-01
6.838583e-01 5.929290e-01
6.838583e-01 5.960486e-01
6.838583e-01 5.988640e-01
6.838583e-01 6.014066e-01
6.838583e-01 6.037043e-01
6.838583e-01 6.057817e-01
6.838583e-01 6.076610e-01
6.838583e-01 6.093618e-01
6.838583e-01 6.109017e-01
6.838583e-01 6.122964e-01
6.838583e-01 6.135601e-01
6.838583e-01 6.147055e-01
6.838583e-01 6.157438e-01
6.838583e-01 6.166854e-01
6.838583e-01 6.175394e-01
6.838583e-01 6.183142e-01
6.838583e-01 6.190173e-01
6.658336e-01 6.196554e-01
6.658336e-01 6.202345e-01
6.658336e-01 6.207603e-01
6.658336e-01 6.211806e-01
6.658336e-01 6.214887e-01
6.658336e-01 6.217308e-01
6.658336e-01 6.219314e-01
6.658336e-01 6.221037e-01
6.658336e-01 6.222552e-01
6.658336e-01 6.223903e-01
6.658336e-01 6.225117e-01
6.658336e-01 6.226213e-01
6.658336e-01 6.227206e-01
6.658336e-01 6.228107e-01
6.658336e-01 6.228925e-01
6.658336e-01 6.229668e-01
6.658336e-01 6.230343e-01
6.658336e-01 6.230957e-01
6.658336e-01 6.231514e-01
6.658336e-01 6.232021e-01
6.658336e-01 6.232482e-01
6.658336e-01 6.232901e-01
6.658336e-01 6.233282e-01
6.658336e-01 6.233628e-01
6.658336e-01 6.233942e-01
6.658336e-01 6.234229e-01
6.658336e-01 6.234489e-01
6.658336e-01 6.234725e-01
6.658336e-01 6.234940e-01
6.658336e-01 6.235135e-01
6.658336e-01 6.235313e-01
6.658336e-01 6.235474e-01
6.658336e-01 6.235621e-01
6.658336e-01 6.235755e-01
6.658336e-01 6.235876e-01
6.658336e-01 6.235986e-01
6.658336e-01 6.236087e-01
6.658336e-01 6.236178e-01
6.658336e-01 6.236261e-01
6.658336e-01 6.236336e-01
6.658336e-01 6.236405e-01
6.658336e-01 6.236467e-01
6.658336e-01 6.236524e-01
6.658336e-01 6.236575e-01
6.658336e-01 6.236622e-01
6.658336e-01 6.236664e-01
6.658336e-01 6.236703e-01
6.658336e-01 6.236738e-01
6.658336e-01 6.236770e-01
6.658336e-01 6.236799e-01
-4.871180e-01 6.236826e-01
-4.871180e-01 6.236850e-01
-4.871180e-01 6.236872e-01
-4.871180e-01 6.058766e-01
-4.871180e-01 5.636931e-01
-4.871180e-01 5.065553e-01
-4.871180e-01 4.393948e-01
-4.871180e-01 3.653317e-01
-4.871180e-01 2.865875e-01
-4.871180e-01 2.048585e-01
-4.871180e-01 1.214964e-01
-4.871180e-01 3.760599e-02
-4.871180e-01 -4.589753e-02
-4.871180e-01 -1.282540e-01
-4.871180e-01 -2.088358e-01
-4.871180e-01 -2.871319e-01
-4.871180e-01 -3.627352e-01
-4.871180e-01 -4.353327e-01
-4.871180e-01 -5.046944e-01
-4.871180e-01 -5.706642e-01
-4.871180e-01 -6.331503e-01
-4.871180e-01 -6.921162e-01
-4.871180e-01 -7.475718e-01
-4.871180e-01 -7.995658e-01
-4.871180e-01 -8.481782e-01
-4.871180e-01 -8.935134e-01
-4.871180e-01 -9.356947e-01
-4.871180e-01 -9.748592e-01
-4.871180e-01 -1.011153e+00
-4.871180e-01 -1.044729e+00
-4.871180e-01 -1.075741e+00
-4.871180e-01 -1.104343e+00
-4.871180e-01 -1.130689e+00
-4.871180e-01 -1.154928e+00
-4.871180e-01 -1.177205e+00
-4.871180e-01 -1.197657e+00
-4.871180e-01 -1.216419e+00
-4.871180e-01 -1.233615e+00
-4.871180e-01 -1.249364e+00
-4.871180e-01 -1.263780e+00
-4.871180e-01 -1.276966e+00
-4.871180e-01 -1.289020e+00
-4.871180e-01 -1.300035e+00
-4.871180e-01 -1.310096e+00
-4.871180e-01 -1.319281e+00
-4.871180e-01 -1.327663e+00
-4.871180e-01 -1.335309e+00
-4.871180e-01 -1.342284e+00
-4.871180e-01 -1.348642e+00
-4.871180e-01 -1.354438e+00
2.269215e-01 -1.359720e+00
2.269215e-01 -1.364532e+00
2.269215e-01 -1.368916e+00
2.269215e-01 -1.290515e+00
2.269215e-01 -1.122524e+00
2.269215e-01 -9.347100e-01
2.269215e-01 -7.571839e-01
2.269215e-01 -6.000632e-01
2.269215e-01 -4.647965e-01
2.269215e-01 -3.495720e-01
2.269215e-01 -2.516549e-01
2.269215e-01 -1.683113e-01
2.269215e-01 -9.712351e-02
2.269215e-01 -3.605702e-02
2.269215e-01 1.656424e-02
2.269215e-01 6.211014e-02
2.269215e-01 1.016991e-01
2.269215e-01 1.362463e-01
2.269215e-01 1.665042e-01
2.269215e-01 1.930942e-01
2.269215e-01 2.165327e-01
2.269215e-01 2.372510e-01
2.269215e-01 2.556115e-01
2.269215e-01 2.719204e-01
2.269215e-01 2.864376e-01
2.269215e-01 2.993846e-01
2.269215e-01 3.109516e-01
2.269215e-01 3.213020e-01
2.269215e-01 3.305771e-01
2.269215e-01 3.388997e-01
2.269215e-01 3.463763e-01
2.269215e-01 3.531004e-01
2.269215e-01 3.591536e-01
2.269215e-01 3.646077e-01
2.269215e-01 3.695261e-01
2.269215e-01 3.739647e-01
2.269215e-01 3.779729e-01
2.269215e-01 3.815947e-01
2.269215e-01 3.848692e-01
2.269215e-01 3.878312e-01
2.269215e-01 3.905118e-01
2.269215e-01 3.929387e-01
2.269215e-01 3.951367e-01
2.269215e-01 3.971281e-01
2.269215e-01 3.989329e-01
2.269215e-01 4.005691e-01
2.269215e-01 4.020528e-01
2.269215e-01 4.033986e-01
2.269215e-01 4.046194e-01
2.269215e-01 4.057272e-01
1.644983e-01 4.067325e-01
1.644983e-01 4.076451e-01
1.644983e-01 4.084735e-01
1.644983e-01 4.073107e-01
1.644983e-01 4.037684e-01
1.644983e-01 3.992437e-01
1.644983e-01 3.944344e-01
1.644983e-01 3.896840e-01
1.644983e-01 3.851545e-01
1.644983e-01 3.809152e-01
1.644983e-01 3.769880e-01
1.644983e-01 3.733713e-01
1.644983e-01 3.700523e-01
1.644983e-01 3.670130e-01
1.644983e-01 3.642336e-01
1.644983e-01 3.616945e-01
1.644983e-01 3.593762e-01
1.644983e-01 3.572608e-01
1.644983e-01 3.553313e-01
1.644983e-01 3.535719e-01
1.644983e-01 3.519681e-01
1.644983e-01 3.505065e-01
1.644983e-01 3.491748e-01
1.644983e-01 3.479617e-01
1.644983e-01 3.468568e-01
1.644983e-01 3.458507e-01
1.644983e-01 3.449346e-01
1.644983e-01 3.441007e-01
1.644983e-01 3.433415e-01
1.644983e-01 3.426506e-01
1.644983e-01 3.420218e-01
1.644983e-01 3.414496e-01
1.644983e-01 3.409289e-01
1.644983e-01 3.404552e-01
1.644983e-01 3.400242e-01
1.644983e-01 3.396321e-01
1.644983e-01 3.392755e-01
1.644983e-01 3.389511e-01
1.644983e-01 3.386560e-01
1.644983e-01 3.383876e-01
1.644983e-01 3.381434e-01
1.644983e-01 3.379214e-01
1.644983e-01 3.377195e-01
1.644983e-01 3.375359e-01
1.644983e-01 3.373689e-01
1.644983e-01 3.372171e-01
1.644983e-01 3.370790e-01
1.644983e-01 3.369534e-01
1.644983e-01 3.368392e-01
1.644983e-01 3.367354e-01
8.147867e-02 3.366410e-01
8.147867e-02 3.365551e-01
8.147867e-02 3.364771e-01
8.147867e-02 3.331275e-01
8.147867e-02 3.257961e-01
8.147867e-02 3.168353e-01
8.147867e-02 3.074259e-01
8.147867e-02 2.981554e-01
8.147867e-02 2.893056e-01
8.147867e-02 2.809999e-01
8.147867e-02 2.732800e-01
8.147867e-02 2.661455e-01
8.147867e-02 2.595757e-01
8.147867e-02 2.535399e-01
8.147867e-02 2.480036e-01
8.147867e-02 2.429315e-01
8.147867e-02 2.382888e-01
8.147867e-02 2.340423e-01
8.147867e-02 2.301606e-01
8.147867e-02 2.266143e-01
8.147867e-02 2.233758e-01
8.147867e-02 2.204196e-01
8.147867e-02 2.177222e-01
8.147867e-02 2.152618e-01
8.147867e-02 2.130181e-01
8.147867e-02 2.109726e-01
8.147867e-02 2.091084e-01
8.147867e-02 2.074097e-01
8.147867e-02 2.058621e-01
8.147867e-02 2.044525e-01
8.147867e-02 2.031688e-01
8.147867e-02 2.019999e-01
8.147867e-02 2.009357e-01
8.147867e-02 1.999669e-01
8.147867e-02 1.990851e-01
8.147867e-02 1.982826e-01
8.147867e-02 1.975523e-01
8.147867e-02 1.968877e-01
8.147867e-02 1.962830e-01
8.147867e-02 1.957329e-01
8.147867e-02 1.952324e-01
8.147867e-02 1.947771e-01
8.147867e-02 1.943630e-01
8.147867e-02 1.939863e-01
8.147867e-02 1.936436e-01
8.147867e-02 1.933320e-01
8.147867e-02 1.930485e-01
8.147867e-02 1.927907e-01
8.147867e-02 1.925563e-01
8.147867e-02 1.923431e-01
7.398821e-01 1.921492e-01
7.398821e-01 1.919729e-01
7.398821e-01 1.918126e-01
7.398821e-01 2.073712e-01
7.398821e-01 2.407115e-01
7.398821e-01 2.792280e-01
7.398821e-01 3.171166e-01
7.398821e-01 3.520544e-01
7.398821e-01 3.833496e-01
7.398821e-01 4.110201e-01
7.398821e-01 4.353595e-01
7.398821e-01 4.567432e-01
7.398821e-01 4.755447e-01
7.398821e-01 4.921049e-01
7.398821e-01 5.067223e-01
7.398821e-01 5.196544e-01
7.398821e-01 5.311212e-01
7.398821e-01 5.413106e-01
7.398821e-01 5.503831e-01
7.398821e-01 5.584761e-01
7.398821e-01 5.657077e-01
7.398821e-01 5.721797e-01
7.398821e-01 5.779801e-01
7.398821e-01 5.831853e-01
7.398821e-01 5.878619e-01
7.398821e-01 5.920682e-01
7.398821e-01 5.958551e-01
7.398821e-01 5.992674e-01
7.398821e-01 6.023448e-01
7.398821e-01 6.051221e-01
7.398821e-01 6.076303e-01
7.398821e-01 6.098968e-01
7.398821e-01 6.119461e-01
7.398821e-01 6.137998e-01
7.398821e-01 6.154775e-01
7.398821e-01 6.169964e-01
7.398821e-01 6.183721e-01
7.398821e-01 6.196186e-01
7.398821e-01 6.207483e-01
7.398821e-01 6.217725e-01
7.398821e-01 6.227013e-01
7.398821e-01 6.235437e-01
7.398821e-01 6.243079e-01
7.398821e-01 6.250014e-01
7.398821e-01 6.256307e-01
7.398821e-01 6.262020e-01
7.398821e-01 6.267206e-01
7.398821e-01 6.271915e-01
7.398821e-01 6.276191e-01
7.398821e-01 6.280074e-01
-4.704419e-01 6.283601e-01
-4.704419e-01 6.286805e-01
-4.704419e-01 6.289715e-01
-4.704419e-01 6.116037e-01
-4.704419e-01 5.701095e-01
-4.704419e-01 5.138224e-01
-4.704419e-01 4.476220e-01
-4.704419e-01 3.745929e-01
-4.704419e-01 2.969302e-01
-4.704419e-01 2.163100e-01
-4.704419e-01 1.340678e-01
-4.704419e-01 5.129505e-02
-4.704419e-01 -3.110391e-02
-4.704419e-01 -1.123779e-01
-4.704419e-01 -1.919064e-01
-4.704419e-01 -2.691842e-01
-4.704419e-01 -3.438089e-01
-4.704419e-01 -4.154705e-01
-4.704419e-01 -4.839413e-01
-4.704419e-01 -5.490668e-01
-4.704419e-01 -6.107556e-01
-4.704419e-01 -6.689712e-01
-4.704419e-01 -7.237231e-01
-4.704419e-01 -7.750589e-01
-4.704419e-01 -8.230572e-01
-4.704419e-01 -8.678207e-01
-4.704419e-01 -9.094712e-01
-4.704419e-01 -9.481436e-01
-4.704419e-01 -9.839822e-01
-4.704419e-01 -1.017137e+00
-4.704419e-01 -1.047761e+00
-4.704419e-01 -1.076006e+00
-4.704419e-01 -1.102023e+00
-4.704419e-01 -1.125960e+00
-4.704419e-01 -1.147959e+00
-4.704419e-01 -1.168156e+00
-4.704419e-01 -1.186684e+00
-4.704419e-01 -1.203666e+00
-4.704419e-01 -1.219220e+00
-4.704419e-01 -1.233456e+00
-4.704419e-01 -1.246478e+00
-4.704419e-01 -1.258383e+00
-4.704419e-01 -1.269262e+00
-4.704419e-01 -1.279197e+00
-4.704419e-01 -1.288268e+00
-4.704419e-01 -1.296546e+00
-4.704419e-01 -1.304099e+00
-4.704419e-01 -1.310986e+00
-4.704419e-01 -1.317266e+00
-4.704419e-01 -1.322990e+00
-3.638518e-01 -1.328207e+00
-3.638518e-01 -1.332959e+00
-3.638518e-01 -1.337289e+00
-3.638518e-01 -1.334801e+00
-3.638518e-01 -1.324281e+00
-3.638518e-01 -1.310547e+00
-3.638518e-01 -1.295983e+00
-3.638518e-01 -1.281726e+00
-3.638518e-01 -1.268282e+00
-3.638518e-01 -1.255843e+00
-3.638518e-01 -1.244447e+00
-3.638518e-01 -1.234061e+00
-3.638518e-01 -1.224623e+00
-3.638518e-01 -1.216057e+00
-3.638518e-01 -1.208288e+00
-3.638518e-01 -1.201243e+00
-3.638518e-01 -1.194856e+00
-3.638518e-01 -1.189063e+00
-3.638518e-01 -1.183809e+00
-3.638518e-01 -1.179042e+00
-3.638518e-01 -1.174718e+00
-3.638518e-01 -1.170794e+00
-3.638518e-01 -1.167232e+00
-3.638518e-01 -1.163999e+00
-3.638518e-01 -1.161064e+00
-3.638518e-01 -1.158399e+00
-3.638518e-01 -1.155979e+00
-3.638518e-01 -1.153781e+00
-3.638518e-01 -1.151785e+00
-3.638518e-01 -1.149971e+00
-3.638518e-01 -1.148324e+00
-3.638518e-01 -1.146828e+00
-3.638518e-01 -1.145468e+00
-3.638518e-01 -1.144232e+00
-3.638518e-01 -1.143110e+00
-3.638518e-01 -1.142090e+00
-3.638518e-01 -1.141163e+00
-3.638518e-01 -1.140320e+00
-3.638518e-01 -1.139555e+00
-3.638518e-01 -1.138859e+00
-3.638518e-01 -1.138226e+00
-3.638518e-01 -1.137651e+00
-3.638518e-01 -1.137129e+00
-3.638518e-01 -1.136654e+00
-3.638518e-01 -1.136222e+00
-3.638518e-01 -1.135830e+00
-3.638518e-01 -1.135473e+00
-3.638518e-01 -1.135149e+00
-3.638518e-01 -1.134854e+00
-3.638518e-01 -1.134586e+00
-7.615709e-01 -1.134343e+00
-7.615709e-01 -1.134121e+00
-7.615709e-01 -1.133920e+00
-7.615709e-01 -1.146915e+00
-7.615709e-01 -1.176007e+00
-7.615709e-01 -1.211796e+00
-7.615709e-01 -1.249548e+00
-7.615709e-01 -1.286885e+00
-7.615709e-01 -1.322649e+00
-7.615709e-01 -1.356317e+00
-7.615709e-01 -1.387696e+00
-7.615709e-01 -1.416768e+00
-7.615709e-01 -1.443600e+00
-7.615709e-01 -1.468302e+00
-7.615709e-01 -1.491001e+00
-7.615709e-01 -1.511833e+00
-7.615709e-01 -1.530930e+00
-7.615709e-01 -1.548421e+00
-7.615709e-01 -1.564431e+00
-7.615709e-01 -1.579074e+00
-7.615709e-01 -1.592460e+00
-7.615709e-01 -1.604691e+00
-7.615709e-01 -1.615861e+00
-7.615709e-01 -1.626057e+00
-7.615709e-01 -1.635362e+00
-7.615709e-01 -1.643851e+00
-7.615709e-01 -1.651592e+00
-7.615709e-01 -1.658649e+00
-7.615709e-01 -1.665082e+00
-7.615709e-01 -1.670944e+00
-7.615709e-01 -1.676284e+00
-7.615709e-01 -1.681149e+00
-7.615709e-01 -1.685579e+00
-7.615709e-01 -1.689613e+00
-7.615709e-01 -1.693286e+00
-7.615709e-01 -1.696630e+00
-7.615709e-01 -1.699674e+00
-7.615709e-01 -1.702444e+00
-7.615709e-01 -1.704965e+00
-7.615709e-01 -1.707259e+00
-7.615709e-01 -1.709346e+00
-7.615709e-01 -1.711245e+00
-7.615709e-01 -1.712973e+00
-7.615709e-01 -1.714544e+00
-7.615709e-01 -1.715974e+00
-7.615709e-01 -1.717275e+00
-7.615709e-01 -1.718458e+00
-7.615709e-01 -1.719533e+00
-7.615709e-01 -1.720512e+00
-7.615709e-01 -1.721402e+00
8.796589e-01 -1.722211e+00
8.796589e-01 -1.722947e+00
8.796589e-01 -1.723617e+00
8.796589e-01 -1.590085e+00
8.796589e-01 -1.318393e+00
8.796589e-01 -1.027278e+00
8.796589e-01 -7.639215e-01
8.796589e-01 -5.406644e-01
8.796589e-01 -3.561598e-01
8.796589e-01 -2.048618e-01
8.796589e-01 -8.071835e-02
8.796589e-01 2.161032e-02
8.796589e-01 1.064907e-01
8.796589e-01 1.773852e-01
8.796589e-01 2.370090e-01
8.796589e-01 2.874879e-01
8.796589e-01 3.304916e-01
8.796589e-01 3.673391e-01
8.796589e-01 3.990798e-01
8.796589e-01 4.265547e-01
8.796589e-01 4.504429e-01
8.796589e-01 4.712967e-01
8.796589e-01 4.895688e-01
8.796589e-01 5.056324e-01
8.796589e-01 5.197978e-01
8.796589e-01 5.323238e-01
8.796589e-01 5.434281e-01
8.796589e-01 5.532947e-01
8.796589e-01 5.620799e-01
8.796589e-01 5.699170e-01
8.796589e-01 5.769203e-01
8.796589e-01 5.831885e-01
8.796589e-01 5.888066e-01
8.796589e-01 5.938486e-01
8.796589e-01 5.983789e-01
8.796589e-01 6.024538e-01
8.796589e-01 6.061226e-01
8.796589e-01 6.094288e-01
8.796589e-01 6.124105e-01
8.796589e-01 6.151016e-01
8.796589e-01 6.175320e-01
8.796589e-01 6.197284e-01
8.796589e-01 6.217142e-01
8.796589e-01 6.235107e-01
8.796589e-01 6.251365e-01
8.796589e-01 6.266086e-01
8.796589e-01 6.279419e-01
8.796589e-01 6.291500e-01
8.796589e-01 6.302449e-01
8.796589e-01 6.312376e-01
2.911037e-01 6.321378e-01
2.911037e-01 6.329543e-01
2.911037e-01 6.336950e-01
2.911037e-01 6.309691e-01
2.911037e-01 6.240145e-01
2.911037e-01 6.152287e-01
2.911037e-01 6.058254e-01
2.911037e-01 5.964259e-01
2.911037e-01 5.873441e-01
2.911037e-01 5.787307e-01
2.911037e-01 5.706501e-01
2.911037e-01 5.631201e-01
2.911037e-01 5.561340e-01
2.911037e-01 5.496723e-01
2.911037e-01 5.437091e-01
2.911037e-01 5.382155e-01
2.911037e-01 5.331617e-01
2.911037e-01 5.285180e-01
2.911037e-01 5.242556e-01
2.911037e-01 5.203467e-01
2.911037e-01 5.167649e-01
2.911037e-01 5.134851e-01
2.911037e-01 5.104840e-01
2.911037e-01 5.077394e-01
2.911037e-01 5.052308e-01
2.911037e-01 5.029389e-01
2.911037e-01 5.008461e-01
2.911037e-01 4.989357e-01
2.911037e-01 4.971925e-01
2.911037e-01 4.956024e-01
2.911037e-01 4.941524e-01
2.911037e-01 4.928305e-01
2.911037e-01 4.916256e-01
2.911037e-01 4.905278e-01
2.911037e-01 4.895276e-01
2.911037e-01 4.886165e-01
2.911037e-01 4.877869e-01
2.911037e-01 4.870314e-01
2.911037e-01 4.863436e-01
2.911037e-01 4.857174e-01
2.911037e-01 4.851475e-01
2.911037e-01 4.846288e-01
2.911037e-01 4.841568e-01
2.911037e-01 4.837272e-01
2.911037e-01 4.833364e-01
2.911037e-01 4.829808e-01
2.911037e-01 4.826573e-01
2.911037e-01 4.823631e-01
2.911037e-01 4.820954e-01
2.911037e-01 4.818519e-01
-4.107355e-02 4.816304e-01
-4.107355e-02 4.814290e-01
-4.107355e-02 4.812458e-01
-4.107355e-02 4.711679e-01
-4.107355e-02 4.485442e-01
-4.107355e-02 4.199158e-01
-4.107355e-02 3.886814e-01
-4.107355e-02 3.567066e-01
-4.107355e-02 3.250439e-01
-4.107355e-02 2.942932e-01
-4.107355e-02 2.647931e-01
-4.107355e-02 2.367290e-01
-4.107355e-02 2.101925e-01
-4.107355e-02 1.852176e-01
-4.107355e-02 1.618006e-01
-4.107355e-02 1.399136e-01
-4.107355e-02 1.195120e-01
-4.107355e-02 1.005402e-01
-4.107355e-02 8.293539e-02
-4.107355e-02 6.662989e-02
-4.107355e-02 5.155360e-02
-4.107355e-02 3.763533e-02
-4.107355e-02 2.480410e-02
-4.107355e-02 1.298997e-02
-4.107355e-02 2.124858e-03
-4.107355e-02 -7.857043e-03
-4.107355e-02 -1.701882e-02
-4.107355e-02 -2.542059e-02
-4.107355e-02 -3.311935e-02
-4.107355e-02 -4.016891e-02
-4.107355e-02 -4.661981e-02
-4.107355e-02 -5.251942e-02
-4.107355e-02 -5.791196e-02
-4.107355e-02 -6.283860e-02
-4.107355e-02 -6.733761e-02
-4.107355e-02 -7.144445e-02
-4.107355e-02 -7.519194e-02
-4.107355e-02 -7.861037e-02
-4.107355e-02 -8.172769e-02
-4.107355e-02 -8.456966e-02
-4.107355e-02 -8.715993e-02
-4.107355e-02 -8.952027e-02
-4.107355e-02 -9.167064e-02
-4.107355e-02 -9.362935e-02
-4.107355e-02 -9.541318e-02
-4.107355e-02 -9.703749e-02
-4.107355e-02 -9.851633e-02
-4.107355e-02 -9.986257e-02
-4.107355e-02 -1.010879e-01
-4.107355e-02 -1.022032e-01
2.786339e-01 -1.032181e-01
2.786339e-01 -1.041416e-01
2.786339e-01 -1.049819e-01
2.786339e-01 -8.557572e-02
2.786339e-01 -4.316644e-02
2.786339e-01 6.138949e-03
2.786339e-01 5.487305e-02
2.786339e-01 9.999934e-02
2.786339e-01 1.405725e-01
2.786339e-01 1.765680e-01
2.786339e-01 2.083279e-01
2.786339e-01 2.363088e-01
2.786339e-01 2.609733e-01
2.786339e-01 2.827476e-01
2.786339e-01 3.020076e-01
2.786339e-01 3.190794e-01
2.786339e-01 3.342430e-01
2.786339e-01 3.477385e-01
2.786339e-01 3.597719e-01
2.786339e-01 3.705200e-01
2.786339e-01 3.801354e-01
2.786339e-01 3.887500e-01
2.786339e-01 3.964782e-01
2.786339e-01 4.034195e-01
2.786339e-01 4.096611e-01
2.786339e-01 4.152789e-01
2.786339e-01 4.203400e-01
2.786339e-01 4.249033e-01
2.786339e-01 4.290209e-01
2.786339e-01 4.327389e-01
2.786339e-01 4.360981e-01
2.786339e-01 4.391348e-01
2.786339e-01 4.418816e-01
2.786339e-01 4.443671e-01
2.786339e-01 4.466172e-01
2.786339e-01 4.486550e-01
2.786339e-01 4.505012e-01
2.786339e-01 4.521743e-01
2.786339e-01 4.536910e-01
2.786339e-01 4.550663e-01
2.786339e-01 4.563137e-01
2.786339e-01 4.574452e-01
2.786339e-01 4.584719e-01
2.786339e-01 4.594037e-01
2.786339e-01 4.602494e-01
2.786339e-01 4.610172e-01
2.786339e-01 4.617142e-01
2.786339e-01 4.623472e-01
2.786339e-01 4.629220e-01
2.786339e-01 4.634441e-01
8.943222e-02 4.639183e-01
8.943222e-02 4.643490e-01
8.943222e-02 4.647403e-01
8.943222e-02 4.597258e-01
8.943222e-02 4.480618e-01
8.943222e-02 4.335048e-01
8.943222e-02 4.179642e-01
8.943222e-02 4.024249e-01
8.943222e-02 3.873893e-01
8.943222e-02 3.731035e-01
8.943222e-02 3.596754e-01
8.943222e-02 3.471387e-01
8.943222e-02 3.354866e-01
8.943222e-02 3.246910e-01
8.943222e-02 3.147127e-01
8.943222e-02 3.055072e-01
8.943222e-02 2.970275e-01
8.943222e-02 2.892268e-01
8.943222e-02 2.820588e-01
8.943222e-02 2.754788e-01
8.943222e-02 2.694440e-01
8.943222e-02 2.639136e-01
8.943222e-02 2.588493e-01
8.943222e-02 2.542148e-01
8.943222e-02 2.499761e-01
8.943222e-02 2.461015e-01
8.943222e-02 2.425616e-01
8.943222e-02 2.393287e-01
8.943222e-02 2.363776e-01
8.943222e-02 2.336847e-01
8.943222e-02 2.312281e-01
8.943222e-02 2.289878e-01
8.943222e-02 2.269454e-01
8.943222e-02 2.250839e-01
8.943222e-02 2.233875e-01
8.943222e-02 2.218420e-01
8.943222e-02 2.204343e-01
8.943222e-02 2.191522e-01
8.943222e-02 2.179848e-01
8.943222e-02 2.169218e-01
8.943222e-02 2.159542e-01
8.943222e-02 2.150735e-01
8.943222e-02 2.142719e-01
8.943222e-02 2.135424e-01
8.943222e-02 2.128786e-01
8.943222e-02 2.122746e-01
8.943222e-02 2.117251e-01
8.943222e-02 2.112252e-01
8.943222e-02 2.107704e-01
8.943222e-02 2.103566e-01
2.946230e-01 2.099803e-01
2.946230e-01 2.096380e-01
2.946230e-01 2.093267e-01
2.946230e-01 2.174139e-01
2.946230e-01 2.352588e-01
2.946230e-01 2.563857e-01
2.946230e-01 2.777032e-01
2.946230e-01 2.978582e-01
2.946230e-01 3.163459e-01
2.946230e-01 3.330578e-01
2.946230e-01 3.480606e-01
2.946230e-01 3.614898e-01
2.946230e-01 3.735003e-01
2.946230e-01 3.842446e-01
2.946230e-01 3.938634e-01
2.946230e-01 4.024833e-01
2.946230e-01 4.102165e-01
2.946230e-01 4.171616e-01
2.946230e-01 4.234056e-01
2.946230e-01 4.290246e-01
2.946230e-01 4.340858e-01
2.946230e-01 4.386484e-01
2.946230e-01 4.427647e-01
2.946230e-01 4.464808e-01
2.946230e-01 4.498379e-01
2.946230e-01 4.528723e-01
2.946230e-01 4.556166e-01
2.946230e-01 4.580996e-01
2.946230e-01 4.603472e-01
2.946230e-01 4.623826e-01
2.946230e-01 4.642264e-01
2.946230e-01 4.658972e-01
2.946230e-01 4.674117e-01
2.946230e-01 4.687849e-01
2.946230e-01 4.700303e-01
2.946230e-01 4.711601e-01
2.946230e-01 4.721851e-01
2.946230e-01 4.731152e-01
2.946230e-01 4.739595e-01
2.946230e-01 4.747259e-01
2.946230e-01 4.754217e-01
2.946230e-01 4.760535e-01
2.946230e-01 4.766272e-01
2.946230e-01 4.771483e-01
2.946230e-01 4.776216e-01
2.946230e-01 4.780515e-01
2.946230e-01 4.784420e-01
2.946230e-01 4.787969e-01
2.946230e-01 4.791192e-01
2.946230e-01 4.794122e-01
8.777187e-02 4.796783e-01
8.777187e-02 4.799202e-01
8.777187e-02 4.801400e-01
8.777187e-02 4.747273e-01
8.777187e-02 4.623611e-01
8.777187e-02 4.469462e-01
8.777187e-02 4.304725e-01
8.777187e-02 4.139723e-01
8.777187e-02 3.979772e-01
8.777187e-02 3.827517e-01
8.777187e-02 3.684151e-01
8.777187e-02 3.550080e-01
8.777187e-02 3.425281e-01
8.777187e-02 3.309494e-01
8.777187e-02 3.202337e-01
8.777187e-02 3.103364e-01
8.777187e-02 3.012098e-01
8.777187e-02 2.928059e-01
8.777187e-02 2.850768e-01
8.777187e-02 2.779761e-01
8.777187e-02 2.714590e-01
8.777187e-02 2.654828e-01
8.777187e-02 2.600069e-01
8.777187e-02 2.549929e-01
8.777187e-02 2.504049e-01
8.777187e-02 2.462092e-01
8.777187e-02 2.423743e-01
8.777187e-02 2.388708e-01
8.777187e-02 2.356715e-01
8.777187e-02 2.327511e-01
8.777187e-02 2.300864e-01
8.777187e-02 2.276557e-01
8.777187e-02 2.254391e-01
8.777187e-02 2.234184e-01
8.777187e-02 2.215767e-01
8.777187e-02 2.198984e-01
8.777187e-02 2.183695e-01
8.777187e-02 2.169769e-01
8.777187e-02 2.157087e-01
8.777187e-02 2.145538e-01
8.777187e-02 2.135024e-01
8.777187e-02 2.125453e-01
8.777187e-02 2.116741e-01
8.777187e-02 2.108812e-01
8.777187e-02 2.101597e-01
8.777187e-02 2.095031e-01
8.777187e-02 2.089057e-01
8.777187e-02 2.083622e-01
8.777187e-02 2.078677e-01
8.777187e-02 2.074179e-01
4.420932e-01 2.070087e-01
4.420932e-01 2.066365e-01
4.420932e-01 2.062980e-01
4.420932e-01 2.180643e-01
4.420932e-01 2.437035e-01
4.420932e-01 2.736894e-01
4.420932e-01 3.035554e-01
4.420932e-01 3.314314e-01
4.420932e-01 3.566894e-01
4.420932e-01 3.792616e-01
4.420932e-01 3.993127e-01
4.420932e-01 4.170880e-01
4.420932e-01 4.328457e-01
4.420932e-01 4.468291e-01
4.420932e-01 4.592564e-01
4.420932e-01 4.703191e-01
4.420932e-01 4.801838e-01
4.420932e-01 4.889946e-01
4.420932e-01 4.968762e-01
4.420932e-01 5.039367e-01
4.420932e-01 5.102700e-01
4.420932e-01 5.159580e-01
4.420932e-01 5.210719e-01
4.420932e-01 5.256744e-01
4.420932e-01 5.298204e-01
4.420932e-01 5.335583e-01
4.420932e-01 5.369309e-01
4.420932e-01 5.399760e-01
4.420932e-01 5.427270e-01
4.420932e-01 5.452139e-01
4.420932e-01 5.474631e-01
4.420932e-01 5.494983e-01
4.420932e-01 5.513407e-01
4.420932e-01 5.530092e-01
4.420932e-01 5.545208e-01
4.420932e-01 5.558906e-01
4.420932e-01 5.571323e-01
4.420932e-01 5.582582e-01
4.420932e-01 5.592793e-01
4.420932e-01 5.602056e-01
4.420932e-01 5.610461e-01
4.420932e-01 5.618089e-01
4.420932e-01 5.625012e-01
4.420932e-01 5.631296e-01
4.420932e-01 5.637002e-01
4.420932e-01 5.642183e-01
4.420932e-01 5.646888e-01
4.420932e-01 5.651162e-01
4.420932e-01 5.655043e-01
4.420932e-01 5.658569e-01
4.499061e-02 5.661772e-01
4.499061e-02 5.664682e-01
4.499061e-02 5.667326e-01
4.499061e-02 5.590900e-01
4.499061e-02 5.414809e-01
4.499061e-02 5.191528e-01
4.499061e-02 4.948224e-01
4.499061e-02 4.699692e-01
4.499061e-02 4.454185e-01
4.499061e-02 4.216326e-01
4.499061e-02 3.988671e-01
4.499061e-02 3.772568e-01
4.499061e-02 3.568638e-01
4.499061e-02 3.377061e-01
4.499061e-02 3.197738e-01
4.499061e-02 3.030389e-01
4.499061e-02 2.874616e-01
4.499061e-02 2.729945e-01
4.499061e-02 2.595853e-01
4.499061e-02 2.471789e-01
4.499061e-02 2.357187e-01
4.499061e-02 2.251481e-01
4.499061e-02 2.154108e-01
4.499061e-02 2.064518e-01
4.499061e-02 1.982179e-01
4.499061e-02 1.906578e-01
4.499061e-02 1.837227e-01
4.499061e-02 1.773659e-01
4.499061e-02 1.715437e-01
4.499061e-02 1.662146e-01
4.499061e-02 1.613399e-01
4.499061e-02 1.568832e-01
4.499061e-02 1.528109e-01
4.499061e-02 1.490914e-01
4.499061e-02 1.456957e-01
4.499061e-02 1.425966e-01
4.499061e-02 1.397694e-01
4.499061e-02 1.371908e-01
4.499061e-02 1.348398e-01
4.499061e-02 1.326968e-01
4.499061e-02 1.307439e-01
4.499061e-02 1.289646e-01
4.499061e-02 1.273437e-01
4.499061e-02 1.258675e-01
4.499061e-02 1.245232e-01
4.499061e-02 1.232992e-01
4.499061e-02 1.221849e-01
4.499061e-02 1.211706e-01
4.499061e-02 1.202475e-01
4.499061e-02 1.194073e-01
9.874092e-01 1.186428e-01
9.874092e-01 1.179472e-01
9.874092e-01 1.173143e-01
9.874092e-01 1.366768e-01
9.874092e-01 1.784601e-01
9.874092e-01 2.264721e-01
9.874092e-01 2.733447e-01
9.874092e-01 3.162199e-01
9.874092e-01 3.543230e-01
9.874092e-01 3.877622e-01
9.874092e-01 4.169730e-01
9.874092e-01 4.424733e-01
9.874092e-01 4.647639e-01
9.874092e-01 4.842929e-01
9.874092e-01 5.014474e-01
9.874092e-01 5.165572e-01
9.874092e-01 5.299012e-01
9.874092e-01 5.417154e-01
9.874092e-01 5.521997e-01
9.874092e-01 5.615239e-01
9.874092e-01 5.698328e-01
9.874092e-01 5.772502e-01
9.874092e-01 5.838829e-01
9.874092e-01 5.898228e-01
9.874092e-01 5.951495e-01
9.874092e-01 5.999322e-01
9.874092e-01 6.042314e-01
9.874092e-01 6.081000e-01
9.874092e-01 6.115843e-01
9.874092e-01 6.147252e-01
9.874092e-01 6.175587e-01
9.874092e-01 6.201168e-01
9.874092e-01 6.224276e-01
9.874092e-01 6.245163e-01
9.874092e-01 6.264052e-01
9.874092e-01 6.281143e-01
9.874092e-01 6.296613e-01
9.874092e-01 6.310623e-01
9.874092e-01 6.323313e-01
9.874092e-01 6.334813e-01
9.874092e-01 6.345237e-01
9.874092e-01 6.354688e-01
9.874092e-01 6.363260e-01
9.874092e-01 6.371035e-01
9.874092e-01 6.378090e-01
9.874092e-01 6.384492e-01
9.874092e-01 6.390302e-01
9.874092e-01 6.395577e-01
9.874092e-01 6.400366e-01
9.874092e-01 6.404714e-01
-5.626467e-01 6.408663e-01
-5.626467e-01 6.412249e-01
-5.626467e-01 6.415506e-01
-5.626467e-01 6.238855e-01
-5.626467e-01 5.814780e-01
-5.626467e-01 5.236004e-01
-5.626467e-01 4.550736e-01
-5.626467e-01 3.789723e-01
-5.626467e-01 2.975251e-01
-5.626467e-01 2.124713e-01
-5.626467e-01 1.252278e-01
-5.626467e-01 3.697791e-02
-5.626467e-01 -5.127905e-02
-5.626467e-01 -1.386973e-01
-5.626467e-01 -2.245658e-01
-5.626467e-01 -3.082950e-01
-5.626467e-01 -3.894059e-01
-5.626467e-01 -4.675206e-01
-5.626467e-01 -5.423530e-01
-5.626467e-01 -6.136987e-01
-5.626467e-01 -6.814260e-01
-5.626467e-01 -7.454660e-01
-5.626467e-01 -8.058036e-01
-5.626467e-01 -8.624687e-01
-5.626467e-01 -9.155281e-01
-5.626467e-01 -9.650784e-01
-5.626467e-01 -1.011239e+00
-5.626467e-01 -1.054147e+00
-5.626467e-01 -1.093951e+00
-5.626467e-01 -1.130808e+00
-5.626467e-01 -1.164880e+00
-5.626467e-01 -1.196329e+00
-5.626467e-01 -1.225317e+00
-5.626467e-01 -1.252005e+00
-5.626467e-01 -1.276545e+00
-5.626467e-01 -1.299088e+00
-5.626467e-01 -1.319777e+00
-5.626467e-01 -1.338748e+00
-5.626467e-01 -1.356131e+00
-5.626467e-01 -1.372046e+00
-5.626467e-01 -1.386609e+00
-5.626467e-01 -1.399927e+00
-5.626467e-01 -1.412099e+00
-5.626467e-01 -1.423219e+00
-5.626467e-01 -1.433374e+00
-5.626467e-01 -1.442643e+00
-5.626467e-01 -1.451100e+00
-5.626467e-01 -1.458815e+00
-5.626467e-01 -1.465850e+00
-5.626467e-01 -1.472263e+00
-7.884035e-01 -1.478109e+00
-7.884035e-01 -1.483435e+00
-7.884035e-01 -1.488287e+00
-7.884035e-01 -1.497607e+00
-7.884035e-01 -1.512464e+00
-7.884035e-01 -1.529335e+00
-7.884035e-01 -1.546471e+00
-7.884035e-01 -1.563029e+00
-7.884035e-01 -1.578630e+00
-7.884035e-01 -1.593130e+00
-7.884035e-01 -1.606505e+00
-7.884035e-01 -1.618787e+00
-7.884035e-01 -1.630036e+00
-7.884035e-01 -1.640321e+00
-7.884035e-01 -1.649716e+00
-7.884035e-01 -1.658290e+00
-7.884035e-01 -1.666112e+00
-7.884035e-01 -1.673245e+00
-7.884035e-01 -1.679746e+00
-7.884035e-01 -1.685672e+00
-7.884035e-01 -1.691070e+00
-7.884035e-01 -1.695988e+00
-7.884035e-01 -1.700466e+00
-7.884035e-01 -1.704544e+00
-7.884035e-01 -1.708258e+00
-7.884035e-01 -1.711638e+00
-7.884035e-01 -1.714715e+00
-7.884035e-01 -1.717515e+00
-7.884035e-01 -1.720064e+00
-7.884035e-01 -1.722383e+00
-7.884035e-01 -1.724493e+00
-7.884035e-01 -1.726413e+00
-7.884035e-01 -1.728159e+00
-7.884035e-01 -1.729748e+00
-7.884035e-01 -1.731194e+00
-7.884035e-01 -1.732508e+00
-7.884035e-01 -1.733704e+00
-7.884035e-01 -1.734792e+00
-7.884035e-01 -1.735781e+00
-7.884035e-01 -1.736681e+00
-7.884035e-01 -1.737499e+00
-7.884035e-01 -1.738243e+00
-7.884035e-01 -1.738920e+00
-7.884035e-01 -1.739535e+00
-7.884035e-01 -1.740095e+00
-7.884035e-01 -1.740604e+00
-7.884035e-01 -1.741066e+00
-7.884035e-01 -1.741487e+00
-7.884035e-01 -1.741870e+00
-7.884035e-01 -1.742218e+00
-7.806051e-01 -1.742534e+00
-7.806051e-01 -1.742822e+00
-7.806051e-01 -1.743083e+00
-7.806051e-01 -1.743214e+00
-7.806051e-01 -1.743197e+00
-7.806051e-01 -1.743110e+00
-7.806051e-01 -1.742995e+00
-7.806051e-01 -1.742872e+00
-7.806051e-01 -1.742751e+00
-7.806051e-01 -1.742636e+00
-7.806051e-01 -1.742529e+00
-7.806051e-01 -1.742430e+00
-7.806051e-01 -1.742339e+00
-7.806051e-01 -1.742257e+00
-7.806051e-01 -1.742181e+00
-7.806051e-01 -1.742113e+00
-7.806051e-01 -1.742051e+00
-7.806051e-01 -1.741994e+00
-7.806051e-01 -1.741942e+00
-7.806051e-01 -1.741895e+00
-7.806051e-01 -1.741853e+00
-7.806051e-01 -1.741814e+00
-7.806051e-01 -1.741779e+00
-7.806051e-01 -1.741747e+00
-7.806051e-01 -1.741718e+00
-7.806051e-01 -1.741691e+00
-7.806051e-01 -1.741667e+00
-7.806051e-01 -1.741645e+00
-7.806051e-01 -1.741625e+00
-7.806051e-01 -1.741607e+00
-7.806051e-01 -1.741591e+00
-7.806051e-01 -1.741576e+00
-7.806051e-01 -1.741562e+00
-7.806051e-01 -1.741550e+00
-7.806051e-01 -1.741539e+00
-7.806051e-01 -1.741528e+00
-7.806051e-01 -1.741519e+00
-7.806051e-01 -1.741511e+00
-7.806051e-01 -1.741503e+00
-7.806051e-01 -1.741496e+00
-7.806051e-01 -1.741490e+00
-7.806051e-01 -1.741484e+00
-7.806051e-01 -1.741479e+00
-7.806051e-01 -1.741474e+00
-7.806051e-01 -1.741470e+00
-7.806051e-01 -1.741466e+00
-7.806051e-01 -1.741462e+00
-7.806051e-01 -1.741459e+00
-7.806051e-01 -1.741456e+00
-7.806051e-01 -1.741453e+00
-8.728173e-01 -1.741451e+00
-8.728173e-01 -1.741448e+00
-8.728173e-01 -1.741446e+00
-8.728173e-01 -1.742479e+00
-8.728173e-01 -1.744752e+00
-8.728173e-01 -1.747506e+00
-8.728173e-01 -1.750364e+00
-8.728173e-01 -1.753147e+00
-8.728173e-01 -1.755773e+00
-8.728173e-01 -1.758210e+00
-8.728173e-01 -1.760452e+00
-8.728173e-01 -1.762505e+00
-8.728173e-01 -1.764379e+00
-8.728173e-01 -1.766087e+00
-8.728173e-01 -1.767643e+00
-8.728173e-01 -1.769059e+00
-8.728173e-01 -1.770348e+00
-8.728173e-01 -1.771520e+00
-8.728173e-01 -1.772586e+00
-8.728173e-01 -1.773556e+00
-8.728173e-01 -1.774438e+00
-8.728173e-01 -1.775240e+00
-8.728173e-01 -1.775969e+00
-8.728173e-01 -1.776633e+00
-8.728173e-01 -1.777236e+00
-8.728173e-01 -1.777785e+00
-8.728173e-01 -1.778284e+00
-8.728173e-01 -1.778737e+00
-8.728173e-01 -1.779150e+00
-8.728173e-01 -1.779525e+00
-8.728173e-01 -1.779866e+00
-8.728173e-01 -1.780176e+00
-8.728173e-01 -1.780458e+00
-8.728173e-01 -1.780714e+00
-8.728173e-01 -1.780947e+00
-8.728173e-01 -1.781159e+00
-8.728173e-01 -1.781352e+00
-8.728173e-01 -1.781527e+00
-8.728173e-01 -1.781686e+00
-8.728173e-01 -1.781831e+00
-8.728173e-01 -1.781963e+00
-8.728173e-01 -1.782083e+00
-8.728173e-01 -1.782191e+00
-8.728173e-01 -1.782290e+00
-8.728173e-01 -1.782380e+00
-8.728173e-01 -1.782462e+00
-8.728173e-01 -1.782537e+00
-8.728173e-01 -1.782604e+00
-8.728173e-01 -1.782666e+00
-8.728173e-01 -1.782722e+00
